./cloud_1_1_1/CO2_0.8/inputs/GAM.atm
Created with write_smart_atm.m on 23-Jan-2014

      46 levels
       3 absorbing gases
   29.16 average molecular mass
    mass mixing ratios

     p(Pa)        T(K)        1(H2O)      2(CO2)      22(N2)
  2.2400E+01  2.0300E+02  1.3691E-06  1.0733E-01  8.9267E-01
  6.7300E+01  2.0300E+02  1.3691E-06  1.0733E-01  8.9267E-01
  8.9700E+01  2.0300E+02  1.3691E-06  1.0733E-01  8.9267E-01
  1.1200E+02  2.0300E+02  1.3691E-06  1.0733E-01  8.9267E-01
  1.5700E+02  2.0300E+02  1.3691E-06  1.0733E-01  8.9267E-01
  2.2400E+02  2.0300E+02  1.3691E-06  1.0733E-01  8.9267E-01
  4.4900E+02  2.0300E+02  1.3691E-06  1.0733E-01  8.9267E-01
  6.7300E+02  2.0300E+02  1.3691E-06  1.0733E-01  8.9267E-01
  8.9700E+02  2.0300E+02  1.3691E-06  1.0733E-01  8.9267E-01
  1.1200E+03  2.0300E+02  1.3691E-06  1.0733E-01  8.9267E-01
  1.5700E+03  2.0300E+02  1.3691E-06  1.0733E-01  8.9267E-01
  2.2400E+03  2.0300E+02  1.3691E-06  1.0733E-01  8.9267E-01
  4.4900E+03  2.0300E+02  1.3691E-06  1.0733E-01  8.9267E-01
  6.7300E+03  2.0300E+02  1.3691E-06  1.0733E-01  8.9267E-01
  8.9700E+03  2.0300E+02  1.3691E-06  1.0733E-01  8.9267E-01
  1.1200E+04  2.0300E+02  1.3691E-06  1.0733E-01  8.9267E-01
  1.5700E+04  2.0300E+02  1.3691E-06  1.0733E-01  8.9267E-01
  2.2400E+04  2.0300E+02  1.3691E-06  1.0733E-01  8.9267E-01
  3.3600E+04  2.0300E+02  1.3691E-06  1.0733E-01  8.9267E-01
  4.4900E+04  2.0300E+02  1.3691E-06  1.0733E-01  8.9267E-01
  5.5300E+04  2.0300E+02  1.3691E-06  1.0733E-01  8.9267E-01
  5.6100E+04  2.0383E+02  1.4612E-06  1.0733E-01  8.9267E-01
  6.7300E+04  2.1463E+02  5.7431E-06  1.0733E-01  8.9266E-01
  7.8500E+04  2.2416E+02  1.5832E-05  1.0733E-01  8.9265E-01
  8.0900E+04  2.2600E+02  2.0392E-05  1.0733E-01  8.9265E-01
  8.9700E+04  2.3270E+02  3.6733E-05  1.0733E-01  8.9263E-01
  1.0100E+05  2.4041E+02  7.3873E-05  1.0733E-01  8.9260E-01
  1.1200E+05  2.4737E+02  1.3410E-04  1.0733E-01  8.9254E-01
  1.2300E+05  2.5366E+02  2.3668E-04  1.0733E-01  8.9243E-01
  1.3500E+05  2.5933E+02  3.9508E-04  1.0733E-01  8.9227E-01
  1.4600E+05  2.6443E+02  5.9725E-04  1.0733E-01  8.9207E-01
  1.5200E+05  2.6700E+02  7.3743E-04  1.0733E-01  8.9193E-01
  1.5700E+05  2.6901E+02  8.5487E-04  1.0733E-01  8.9181E-01
  1.6300E+05  2.7113E+02  1.0130E-03  1.0733E-01  8.9166E-01
  1.6800E+05  2.7313E+02  1.1854E-03  1.0733E-01  8.9148E-01
  1.7400E+05  2.7505E+02  1.3410E-03  1.0733E-01  8.9133E-01
  1.7900E+05  2.7687E+02  1.5054E-03  1.0733E-01  8.9116E-01
  1.8500E+05  2.7862E+02  1.7061E-03  1.0733E-01  8.9096E-01
  1.9000E+05  2.8000E+02  1.9253E-03  1.0733E-01  8.9074E-01
  1.9100E+05  2.8029E+02  1.9784E-03  1.0733E-01  8.9069E-01
  1.9600E+05  2.8189E+02  2.3377E-03  1.0733E-01  8.9033E-01
  2.0200E+05  2.8342E+02  2.7530E-03  1.0733E-01  8.8992E-01
  2.0800E+05  2.8490E+02  3.1724E-03  1.0733E-01  8.8950E-01
  2.1300E+05  2.8632E+02  3.5490E-03  1.0733E-01  8.8912E-01
  2.1900E+05  2.8768E+02  3.7733E-03  1.0733E-01  8.8890E-01
  2.2400E+05  2.8900E+02  3.9686E-03  1.0733E-01  8.8870E-01
