./cloud_1_1_1/CO2_3/inputs/GAM.atm
Created with write_smart_atm.m on 23-Jan-2014

      46 levels
       3 absorbing gases
   28.09 average molecular mass
    mass mixing ratios

     p(Pa)        T(K)        1(H2O)      2(CO2)      22(N2)
  5.0401E+00  2.0300E+02  7.8063E-06  3.0142E-03  9.9698E-01
  1.5100E+01  2.0300E+02  7.8063E-06  3.0142E-03  9.9698E-01
  2.0200E+01  2.0300E+02  7.8063E-06  3.0142E-03  9.9698E-01
  2.5200E+01  2.0300E+02  7.8063E-06  3.0142E-03  9.9698E-01
  3.5300E+01  2.0300E+02  7.8063E-06  3.0142E-03  9.9698E-01
  5.0400E+01  2.0300E+02  7.8063E-06  3.0142E-03  9.9698E-01
  1.0100E+02  2.0300E+02  7.8063E-06  3.0142E-03  9.9698E-01
  1.5100E+02  2.0300E+02  7.8063E-06  3.0142E-03  9.9698E-01
  2.0200E+02  2.0300E+02  7.8063E-06  3.0142E-03  9.9698E-01
  2.5200E+02  2.0300E+02  7.8063E-06  3.0142E-03  9.9698E-01
  3.5300E+02  2.0300E+02  7.8063E-06  3.0142E-03  9.9698E-01
  5.0400E+02  2.0300E+02  7.8063E-06  3.0142E-03  9.9698E-01
  1.0100E+03  2.0300E+02  7.8063E-06  3.0142E-03  9.9698E-01
  1.5100E+03  2.0300E+02  7.8063E-06  3.0142E-03  9.9698E-01
  2.0200E+03  2.0300E+02  7.8063E-06  3.0142E-03  9.9698E-01
  2.5200E+03  2.0300E+02  7.8063E-06  3.0142E-03  9.9698E-01
  3.5300E+03  2.0300E+02  7.8063E-06  3.0142E-03  9.9698E-01
  5.0400E+03  2.0300E+02  7.8063E-06  3.0142E-03  9.9698E-01
  7.5500E+03  2.0300E+02  7.8063E-06  3.0142E-03  9.9698E-01
  7.5600E+03  2.0307E+02  7.8280E-06  3.0142E-03  9.9698E-01
  1.0100E+04  2.2065E+02  7.0571E-05  3.0142E-03  9.9692E-01
  1.1100E+04  2.2600E+02  1.6761E-04  3.0142E-03  9.9682E-01
  1.2600E+04  2.3436E+02  3.4327E-04  3.0142E-03  9.9664E-01
  1.5100E+04  2.4472E+02  9.0240E-04  3.0142E-03  9.9608E-01
  1.7600E+04  2.5248E+02  1.5966E-03  3.0142E-03  9.9539E-01
  2.0200E+04  2.5845E+02  2.3815E-03  3.0142E-03  9.9460E-01
  2.2700E+04  2.6321E+02  3.1670E-03  3.0142E-03  9.9382E-01
  2.5100E+04  2.6700E+02  3.9258E-03  3.0142E-03  9.9306E-01
  2.5200E+04  2.6714E+02  3.9575E-03  3.0142E-03  9.9303E-01
  2.7700E+04  2.7048E+02  5.0243E-03  3.0142E-03  9.9196E-01
  3.0200E+04  2.7339E+02  6.2882E-03  3.0142E-03  9.9070E-01
  3.2800E+04  2.7597E+02  7.2535E-03  3.0142E-03  9.8973E-01
  3.5300E+04  2.7830E+02  8.2447E-03  3.0142E-03  9.8874E-01
  3.6500E+04  2.7939E+02  8.8217E-03  3.0142E-03  9.8816E-01
  3.7300E+04  2.8000E+02  9.1601E-03  3.0142E-03  9.8783E-01
  3.7800E+04  2.8043E+02  9.3935E-03  3.0142E-03  9.8759E-01
  3.9100E+04  2.8143E+02  9.9143E-03  3.0142E-03  9.8707E-01
  4.0300E+04  2.8240E+02  1.0438E-02  3.0142E-03  9.8655E-01
  4.1600E+04  2.8332E+02  1.1144E-02  3.0142E-03  9.8584E-01
  4.2800E+04  2.8422E+02  1.2230E-02  3.0142E-03  9.8476E-01
  4.4100E+04  2.8508E+02  1.3724E-02  3.0142E-03  9.8326E-01
  4.5400E+04  2.8591E+02  1.5408E-02  3.0142E-03  9.8158E-01
  4.6600E+04  2.8672E+02  1.6980E-02  3.0142E-03  9.8001E-01
  4.7900E+04  2.8750E+02  1.8214E-02  3.0142E-03  9.7877E-01
  4.9100E+04  2.8826E+02  1.8609E-02  3.0142E-03  9.7838E-01
  5.0400E+04  2.8900E+02  1.8867E-02  3.0142E-03  9.7812E-01
