./cloud_1_1_1/CO2_2.4/inputs/GAM.atm
Created with write_smart_atm.m on 23-Jan-2014

      45 levels
       3 absorbing gases
   28.18 average molecular mass
    mass mixing ratios

     p(Pa)        T(K)        1(H2O)      2(CO2)      22(N2)
  5.0854E+00  2.0300E+02  7.8180E-06  1.1893E-02  9.8810E-01
  1.5300E+01  2.0300E+02  7.8180E-06  1.1893E-02  9.8810E-01
  2.0300E+01  2.0300E+02  7.8180E-06  1.1893E-02  9.8810E-01
  2.5400E+01  2.0300E+02  7.8180E-06  1.1893E-02  9.8810E-01
  3.5600E+01  2.0300E+02  7.8180E-06  1.1893E-02  9.8810E-01
  5.0900E+01  2.0300E+02  7.8180E-06  1.1893E-02  9.8810E-01
  1.0200E+02  2.0300E+02  7.8180E-06  1.1893E-02  9.8810E-01
  1.5300E+02  2.0300E+02  7.8180E-06  1.1893E-02  9.8810E-01
  2.0300E+02  2.0300E+02  7.8180E-06  1.1893E-02  9.8810E-01
  2.5400E+02  2.0300E+02  7.8180E-06  1.1893E-02  9.8810E-01
  3.5600E+02  2.0300E+02  7.8180E-06  1.1893E-02  9.8810E-01
  5.0900E+02  2.0300E+02  7.8180E-06  1.1893E-02  9.8810E-01
  1.0200E+03  2.0300E+02  7.8180E-06  1.1893E-02  9.8810E-01
  1.5300E+03  2.0300E+02  7.8180E-06  1.1893E-02  9.8810E-01
  2.0300E+03  2.0300E+02  7.8180E-06  1.1893E-02  9.8810E-01
  2.5400E+03  2.0300E+02  7.8180E-06  1.1893E-02  9.8810E-01
  3.5600E+03  2.0300E+02  7.8180E-06  1.1893E-02  9.8810E-01
  5.0900E+03  2.0300E+02  7.8180E-06  1.1893E-02  9.8810E-01
  7.6300E+03  2.0300E+02  7.8180E-06  1.1893E-02  9.8810E-01
  7.6400E+03  2.0300E+02  7.8180E-06  1.1893E-02  9.8810E-01
  1.0200E+04  2.2044E+02  6.7952E-05  1.1893E-02  9.8804E-01
  1.1200E+04  2.2600E+02  1.6545E-04  1.1893E-02  9.8794E-01
  1.2700E+04  2.3414E+02  3.3082E-04  1.1893E-02  9.8778E-01
  1.5300E+04  2.4452E+02  8.7329E-04  1.1893E-02  9.8723E-01
  1.7800E+04  2.5232E+02  1.5522E-03  1.1893E-02  9.8656E-01
  2.0300E+04  2.5831E+02  2.3236E-03  1.1893E-02  9.8578E-01
  2.2900E+04  2.6310E+02  3.0986E-03  1.1893E-02  9.8501E-01
  2.5400E+04  2.6706E+02  3.8799E-03  1.1893E-02  9.8423E-01
  2.8000E+04  2.7041E+02  4.9335E-03  1.1893E-02  9.8317E-01
  3.0500E+04  2.7333E+02  6.1849E-03  1.1893E-02  9.8192E-01
  3.3100E+04  2.7592E+02  7.1413E-03  1.1893E-02  9.8097E-01
  3.5600E+04  2.7826E+02  8.1217E-03  1.1893E-02  9.7999E-01
  3.6900E+04  2.7936E+02  8.6929E-03  1.1893E-02  9.7941E-01
  3.7600E+04  2.8000E+02  9.0439E-03  1.1893E-02  9.7906E-01
  3.8100E+04  2.8040E+02  9.2589E-03  1.1893E-02  9.7885E-01
  3.9400E+04  2.8141E+02  9.7748E-03  1.1893E-02  9.7833E-01
  4.0700E+04  2.8237E+02  1.0293E-02  1.1893E-02  9.7781E-01
  4.2000E+04  2.8330E+02  1.0992E-02  1.1893E-02  9.7712E-01
  4.3200E+04  2.8420E+02  1.2066E-02  1.1893E-02  9.7604E-01
  4.4500E+04  2.8507E+02  1.3543E-02  1.1893E-02  9.7456E-01
  4.5800E+04  2.8590E+02  1.5208E-02  1.1893E-02  9.7290E-01
  4.7000E+04  2.8671E+02  1.6761E-02  1.1893E-02  9.7135E-01
  4.8300E+04  2.8750E+02  1.7983E-02  1.1893E-02  9.7012E-01
  4.9600E+04  2.8826E+02  1.8375E-02  1.1893E-02  9.6973E-01
  5.0900E+04  2.8900E+02  1.8632E-02  1.1893E-02  9.6947E-01
