./cloud_1_1_1/CO2_0.8/inputs/GAM.atm
Created with write_smart_atm.m on 21-Jan-2014

      46 levels
       3 absorbing gases
   30.15 average molecular mass
    mass mixing ratios

     p(Pa)        T(K)        1(H2O)      2(CO2)      22(N2)
  1.2400E+01  2.0300E+02  2.9521E-06  1.9366E-01  8.0634E-01
  3.7300E+01  2.0300E+02  2.9521E-06  1.9366E-01  8.0634E-01
  4.9700E+01  2.0300E+02  2.9521E-06  1.9366E-01  8.0634E-01
  6.2200E+01  2.0300E+02  2.9521E-06  1.9366E-01  8.0634E-01
  8.7000E+01  2.0300E+02  2.9521E-06  1.9366E-01  8.0634E-01
  1.2400E+02  2.0300E+02  2.9521E-06  1.9366E-01  8.0634E-01
  2.4900E+02  2.0300E+02  2.9521E-06  1.9366E-01  8.0634E-01
  3.7300E+02  2.0300E+02  2.9521E-06  1.9366E-01  8.0634E-01
  4.9700E+02  2.0300E+02  2.9521E-06  1.9366E-01  8.0634E-01
  6.2200E+02  2.0300E+02  2.9521E-06  1.9366E-01  8.0634E-01
  8.7000E+02  2.0300E+02  2.9521E-06  1.9366E-01  8.0634E-01
  1.2400E+03  2.0300E+02  2.9521E-06  1.9366E-01  8.0634E-01
  2.4900E+03  2.0300E+02  2.9521E-06  1.9366E-01  8.0634E-01
  3.7300E+03  2.0300E+02  2.9521E-06  1.9366E-01  8.0634E-01
  4.9700E+03  2.0300E+02  2.9521E-06  1.9366E-01  8.0634E-01
  6.2200E+03  2.0300E+02  2.9521E-06  1.9366E-01  8.0634E-01
  8.7000E+03  2.0300E+02  2.9521E-06  1.9366E-01  8.0634E-01
  1.2400E+04  2.0300E+02  2.9521E-06  1.9366E-01  8.0634E-01
  1.8600E+04  2.0300E+02  2.9521E-06  1.9366E-01  8.0634E-01
  2.4900E+04  2.0300E+02  2.9521E-06  1.9366E-01  8.0634E-01
  2.6000E+04  2.0300E+02  2.9521E-06  1.9366E-01  8.0634E-01
  3.1100E+04  2.1337E+02  9.8028E-06  1.9366E-01  8.0633E-01
  3.7300E+04  2.2419E+02  3.4019E-05  1.9366E-01  8.0631E-01
  3.8500E+04  2.2600E+02  4.4060E-05  1.9366E-01  8.0630E-01
  4.3500E+04  2.3362E+02  8.3871E-05  1.9366E-01  8.0626E-01
  4.9700E+04  2.4186E+02  1.7441E-04  1.9366E-01  8.0616E-01
  5.5900E+04  2.4905E+02  3.1346E-04  1.9366E-01  8.0603E-01
  6.2200E+04  2.5529E+02  5.0698E-04  1.9366E-01  8.0583E-01
  6.8400E+04  2.6071E+02  7.9761E-04  1.9366E-01  8.0554E-01
  7.4600E+04  2.6543E+02  1.1924E-03  1.9366E-01  8.0515E-01
  7.7000E+04  2.6700E+02  1.3598E-03  1.9366E-01  8.0498E-01
  8.0800E+04  2.6955E+02  1.6278E-03  1.9366E-01  8.0471E-01
  8.7000E+04  2.7319E+02  2.1254E-03  1.9366E-01  8.0421E-01
  9.0100E+04  2.7486E+02  2.3779E-03  1.9366E-01  8.0396E-01
  9.3200E+04  2.7645E+02  2.6374E-03  1.9366E-01  8.0370E-01
  9.6400E+04  2.7796E+02  2.8896E-03  1.9366E-01  8.0345E-01
  9.9500E+04  2.7940E+02  3.1498E-03  1.9366E-01  8.0319E-01
  1.0100E+05  2.8000E+02  3.2784E-03  1.9366E-01  8.0306E-01
  1.0300E+05  2.8078E+02  3.4728E-03  1.9366E-01  8.0287E-01
  1.0600E+05  2.8210E+02  3.9252E-03  1.9366E-01  8.0241E-01
  1.0900E+05  2.8336E+02  4.5293E-03  1.9366E-01  8.0181E-01
  1.1200E+05  2.8457E+02  5.2169E-03  1.9366E-01  8.0112E-01
  1.1500E+05  2.8574E+02  5.8878E-03  1.9366E-01  8.0045E-01
  1.1800E+05  2.8687E+02  6.4592E-03  1.9366E-01  7.9988E-01
  1.2100E+05  2.8795E+02  6.7409E-03  1.9366E-01  7.9960E-01
  1.2400E+05  2.8900E+02  6.9701E-03  1.9366E-01  7.9937E-01
