./cloud_1_1_1/CO2_1.8/inputs/GAM.atm
Created with write_smart_atm.m on 22-Jan-2014

      46 levels
       3 absorbing gases
   28.27 average molecular mass
    mass mixing ratios

     p(Pa)        T(K)        1(H2O)      2(CO2)      22(N2)
  1.0300E+01  2.0300E+02  4.1453E-06  2.3454E-02  9.7654E-01
  3.0800E+01  2.0300E+02  4.1453E-06  2.3454E-02  9.7654E-01
  4.1100E+01  2.0300E+02  4.1453E-06  2.3454E-02  9.7654E-01
  5.1300E+01  2.0300E+02  4.1453E-06  2.3454E-02  9.7654E-01
  7.1900E+01  2.0300E+02  4.1453E-06  2.3454E-02  9.7654E-01
  1.0300E+02  2.0300E+02  4.1453E-06  2.3454E-02  9.7654E-01
  2.0500E+02  2.0300E+02  4.1453E-06  2.3454E-02  9.7654E-01
  3.0800E+02  2.0300E+02  4.1453E-06  2.3454E-02  9.7654E-01
  4.1100E+02  2.0300E+02  4.1453E-06  2.3454E-02  9.7654E-01
  5.1300E+02  2.0300E+02  4.1453E-06  2.3454E-02  9.7654E-01
  7.1900E+02  2.0300E+02  4.1453E-06  2.3454E-02  9.7654E-01
  1.0300E+03  2.0300E+02  4.1453E-06  2.3454E-02  9.7654E-01
  2.0500E+03  2.0300E+02  4.1453E-06  2.3454E-02  9.7654E-01
  3.0800E+03  2.0300E+02  4.1453E-06  2.3454E-02  9.7654E-01
  4.1100E+03  2.0300E+02  4.1453E-06  2.3454E-02  9.7654E-01
  5.1300E+03  2.0300E+02  4.1453E-06  2.3454E-02  9.7654E-01
  7.1900E+03  2.0300E+02  4.1453E-06  2.3454E-02  9.7654E-01
  1.0300E+04  2.0300E+02  4.1453E-06  2.3454E-02  9.7654E-01
  1.5400E+04  2.0300E+02  4.1453E-06  2.3454E-02  9.7654E-01
  2.0500E+04  2.0300E+02  4.1453E-06  2.3454E-02  9.7654E-01
  2.1900E+04  2.0300E+02  4.1453E-06  2.3454E-02  9.7654E-01
  2.5700E+04  2.1279E+02  1.1708E-05  2.3454E-02  9.7653E-01
  3.0800E+04  2.2429E+02  4.4461E-05  2.3454E-02  9.7650E-01
  3.1700E+04  2.2600E+02  5.7446E-05  2.3454E-02  9.7649E-01
  3.5900E+04  2.3427E+02  1.1650E-04  2.3454E-02  9.7643E-01
  4.1100E+04  2.4289E+02  2.5106E-04  2.3454E-02  9.7629E-01
  4.6200E+04  2.5029E+02  4.5779E-04  2.3454E-02  9.7609E-01
  5.1300E+04  2.5658E+02  7.3969E-04  2.3454E-02  9.7581E-01
  5.6500E+04  2.6194E+02  1.1519E-03  2.3454E-02  9.7539E-01
  6.1600E+04  2.6653E+02  1.6971E-03  2.3454E-02  9.7485E-01
  6.2200E+04  2.6700E+02  1.7675E-03  2.3454E-02  9.7478E-01
  6.6700E+04  2.7050E+02  2.2807E-03  2.3454E-02  9.7427E-01
  7.1900E+04  2.7398E+02  2.9112E-03  2.3454E-02  9.7363E-01
  7.4400E+04  2.7557E+02  3.2370E-03  2.3454E-02  9.7331E-01
  7.7000E+04  2.7708E+02  3.5676E-03  2.3454E-02  9.7298E-01
  7.9600E+04  2.7852E+02  3.8896E-03  2.3454E-02  9.7266E-01
  8.2100E+04  2.7989E+02  4.2168E-03  2.3454E-02  9.7233E-01
  8.2300E+04  2.8000E+02  4.2478E-03  2.3454E-02  9.7230E-01
  8.4700E+04  2.8119E+02  4.6245E-03  2.3454E-02  9.7192E-01
  8.7300E+04  2.8245E+02  5.2064E-03  2.3454E-02  9.7134E-01
  8.9800E+04  2.8365E+02  5.9802E-03  2.3454E-02  9.7057E-01
  9.2400E+04  2.8480E+02  6.8579E-03  2.3454E-02  9.6969E-01
  9.5000E+04  2.8591E+02  7.7088E-03  2.3454E-02  9.6884E-01
  9.7500E+04  2.8698E+02  8.4255E-03  2.3454E-02  9.6812E-01
  1.0000E+05  2.8801E+02  8.7623E-03  2.3454E-02  9.6778E-01
  1.0300E+05  2.8900E+02  9.0305E-03  2.3454E-02  9.6752E-01
