./cloud_1_1_1/CO2_0.4/inputs/GAM.atm
Created with write_smart_atm.m on 23-Jan-2014

      46 levels
       3 absorbing gases
   30.60 average molecular mass
    mass mixing ratios

     p(Pa)        T(K)        1(H2O)      2(CO2)      22(N2)
  2.6100E+01  2.0300E+02  1.2699E-06  2.3196E-01  7.6804E-01
  7.8200E+01  2.0300E+02  1.2699E-06  2.3196E-01  7.6804E-01
  1.0400E+02  2.0300E+02  1.2699E-06  2.3196E-01  7.6804E-01
  1.3000E+02  2.0300E+02  1.2699E-06  2.3196E-01  7.6804E-01
  1.8300E+02  2.0300E+02  1.2699E-06  2.3196E-01  7.6804E-01
  2.6100E+02  2.0300E+02  1.2699E-06  2.3196E-01  7.6804E-01
  5.2100E+02  2.0300E+02  1.2699E-06  2.3196E-01  7.6804E-01
  7.8200E+02  2.0300E+02  1.2699E-06  2.3196E-01  7.6804E-01
  1.0400E+03  2.0300E+02  1.2699E-06  2.3196E-01  7.6804E-01
  1.3000E+03  2.0300E+02  1.2699E-06  2.3196E-01  7.6804E-01
  1.8300E+03  2.0300E+02  1.2699E-06  2.3196E-01  7.6804E-01
  2.6100E+03  2.0300E+02  1.2699E-06  2.3196E-01  7.6804E-01
  5.2100E+03  2.0300E+02  1.2699E-06  2.3196E-01  7.6804E-01
  7.8200E+03  2.0300E+02  1.2699E-06  2.3196E-01  7.6804E-01
  1.0400E+04  2.0300E+02  1.2699E-06  2.3196E-01  7.6804E-01
  1.3000E+04  2.0300E+02  1.2699E-06  2.3196E-01  7.6804E-01
  1.8300E+04  2.0300E+02  1.2699E-06  2.3196E-01  7.6804E-01
  2.6100E+04  2.0300E+02  1.2699E-06  2.3196E-01  7.6804E-01
  3.9100E+04  2.0300E+02  1.2699E-06  2.3196E-01  7.6804E-01
  5.2100E+04  2.0300E+02  1.2699E-06  2.3196E-01  7.6804E-01
  6.1900E+04  2.0300E+02  1.2699E-06  2.3196E-01  7.6804E-01
  6.5200E+04  2.0600E+02  1.6441E-06  2.3196E-01  7.6804E-01
  7.8200E+04  2.1638E+02  5.9371E-06  2.3196E-01  7.6803E-01
  9.1300E+04  2.2553E+02  1.5331E-05  2.3196E-01  7.6802E-01
  9.2000E+04  2.2600E+02  1.6403E-05  2.3196E-01  7.6802E-01
  1.0400E+05  2.3372E+02  3.3786E-05  2.3196E-01  7.6800E-01
  1.1700E+05  2.4111E+02  6.5248E-05  2.3196E-01  7.6797E-01
  1.3000E+05  2.4780E+02  1.1480E-04  2.3196E-01  7.6792E-01
  1.4300E+05  2.5387E+02  1.9802E-04  2.3196E-01  7.6784E-01
  1.5600E+05  2.5938E+02  3.2536E-04  2.3196E-01  7.6771E-01
  1.6900E+05  2.6437E+02  4.8701E-04  2.3196E-01  7.6755E-01
  1.7700E+05  2.6700E+02  6.0359E-04  2.3196E-01  7.6743E-01
  1.8300E+05  2.6889E+02  6.9346E-04  2.3196E-01  7.6734E-01
  1.8900E+05  2.7099E+02  8.2068E-04  2.3196E-01  7.6722E-01
  1.9600E+05  2.7299E+02  9.5984E-04  2.3196E-01  7.6708E-01
  2.0200E+05  2.7490E+02  1.0877E-03  2.3196E-01  7.6695E-01
  2.0900E+05  2.7673E+02  1.2213E-03  2.3196E-01  7.6682E-01
  2.1500E+05  2.7849E+02  1.3848E-03  2.3196E-01  7.6665E-01
  2.2100E+05  2.8000E+02  1.5818E-03  2.3196E-01  7.6646E-01
  2.2200E+05  2.8017E+02  1.6070E-03  2.3196E-01  7.6643E-01
  2.2800E+05  2.8178E+02  1.9015E-03  2.3196E-01  7.6614E-01
  2.3500E+05  2.8334E+02  2.2417E-03  2.3196E-01  7.6580E-01
  2.4100E+05  2.8483E+02  2.5869E-03  2.3196E-01  7.6545E-01
  2.4800E+05  2.8627E+02  2.8977E-03  2.3196E-01  7.6514E-01
  2.5400E+05  2.8766E+02  3.0855E-03  2.3196E-01  7.6495E-01
  2.6100E+05  2.8900E+02  3.2500E-03  2.3196E-01  7.6479E-01
