./cloud_1_1_1/CO2_0.6/inputs/GAM.atm
Created with write_smart_atm.m on 23-Jan-2014

      46 levels
       3 absorbing gases
   33.26 average molecular mass
    mass mixing ratios

     p(Pa)        T(K)        1(H2O)      2(CO2)      22(N2)
  8.8408E+00  2.0300E+02  4.9521E-06  4.3163E-01  5.6837E-01
  2.6500E+01  2.0300E+02  4.9521E-06  4.3163E-01  5.6837E-01
  3.5400E+01  2.0300E+02  4.9521E-06  4.3163E-01  5.6837E-01
  4.4200E+01  2.0300E+02  4.9521E-06  4.3163E-01  5.6837E-01
  6.1900E+01  2.0300E+02  4.9521E-06  4.3163E-01  5.6837E-01
  8.8400E+01  2.0300E+02  4.9521E-06  4.3163E-01  5.6837E-01
  1.7700E+02  2.0300E+02  4.9521E-06  4.3163E-01  5.6837E-01
  2.6500E+02  2.0300E+02  4.9521E-06  4.3163E-01  5.6837E-01
  3.5400E+02  2.0300E+02  4.9521E-06  4.3163E-01  5.6837E-01
  4.4200E+02  2.0300E+02  4.9521E-06  4.3163E-01  5.6837E-01
  6.1900E+02  2.0300E+02  4.9521E-06  4.3163E-01  5.6837E-01
  8.8400E+02  2.0300E+02  4.9521E-06  4.3163E-01  5.6837E-01
  1.7700E+03  2.0300E+02  4.9521E-06  4.3163E-01  5.6837E-01
  2.6500E+03  2.0300E+02  4.9521E-06  4.3163E-01  5.6837E-01
  3.5400E+03  2.0300E+02  4.9521E-06  4.3163E-01  5.6837E-01
  4.4200E+03  2.0300E+02  4.9521E-06  4.3163E-01  5.6837E-01
  6.1900E+03  2.0300E+02  4.9521E-06  4.3163E-01  5.6837E-01
  8.8400E+03  2.0300E+02  4.9521E-06  4.3163E-01  5.6837E-01
  1.3300E+04  2.0300E+02  4.9521E-06  4.3163E-01  5.6837E-01
  1.4500E+04  2.0300E+02  4.9521E-06  4.3163E-01  5.6837E-01
  1.7700E+04  2.1364E+02  1.3630E-05  4.3163E-01  5.6836E-01
  2.2100E+04  2.2562E+02  5.9721E-05  4.3163E-01  5.6831E-01
  2.2300E+04  2.2600E+02  6.3777E-05  4.3163E-01  5.6831E-01
  2.6500E+04  2.3560E+02  1.6378E-04  4.3163E-01  5.6821E-01
  3.0900E+04  2.4397E+02  3.2703E-04  4.3163E-01  5.6804E-01
  3.5400E+04  2.5098E+02  5.6105E-04  4.3163E-01  5.6781E-01
  3.9800E+04  2.5686E+02  8.4923E-04  4.3163E-01  5.6752E-01
  4.4200E+04  2.6184E+02  1.1846E-03  4.3163E-01  5.6719E-01
  4.8600E+04  2.6611E+02  1.6469E-03  4.3163E-01  5.6672E-01
  4.9700E+04  2.6700E+02  1.7820E-03  4.3163E-01  5.6659E-01
  5.3000E+04  2.6981E+02  2.2243E-03  4.3163E-01  5.6615E-01
  5.7500E+04  2.7306E+02  2.7955E-03  4.3163E-01  5.6558E-01
  6.1900E+04  2.7597E+02  3.3244E-03  4.3163E-01  5.6505E-01
  6.4100E+04  2.7731E+02  3.6257E-03  4.3163E-01  5.6475E-01
  6.6300E+04  2.7860E+02  3.9316E-03  4.3163E-01  5.6444E-01
  6.8500E+04  2.7983E+02  4.2184E-03  4.3163E-01  5.6415E-01
  6.8800E+04  2.8000E+02  4.2581E-03  4.3163E-01  5.6411E-01
  7.0700E+04  2.8101E+02  4.5092E-03  4.3163E-01  5.6386E-01
  7.2900E+04  2.8214E+02  4.8831E-03  4.3163E-01  5.6349E-01
  7.5100E+04  2.8323E+02  5.4326E-03  4.3163E-01  5.6294E-01
  7.7400E+04  2.8428E+02  6.1739E-03  4.3163E-01  5.6220E-01
  7.9600E+04  2.8529E+02  7.0113E-03  4.3163E-01  5.6136E-01
  8.1800E+04  2.8626E+02  7.8108E-03  4.3163E-01  5.6056E-01
  8.4000E+04  2.8720E+02  8.4656E-03  4.3163E-01  5.5991E-01
  8.6200E+04  2.8812E+02  8.7359E-03  4.3163E-01  5.5964E-01
  8.8400E+04  2.8900E+02  8.9401E-03  4.3163E-01  5.5943E-01
