./cloud_1_1_1/CO2_1/inputs/GAM.atm
Created with write_smart_atm.m on 23-Jan-2014

      46 levels
       3 absorbing gases
   30.63 average molecular mass
    mass mixing ratios

     p(Pa)        T(K)        1(H2O)      2(CO2)      22(N2)
  6.5440E+00  2.0300E+02  7.5446E-06  2.3214E-01  7.6785E-01
  1.9600E+01  2.0300E+02  7.5446E-06  2.3214E-01  7.6785E-01
  2.6200E+01  2.0300E+02  7.5446E-06  2.3214E-01  7.6785E-01
  3.2700E+01  2.0300E+02  7.5446E-06  2.3214E-01  7.6785E-01
  4.5800E+01  2.0300E+02  7.5446E-06  2.3214E-01  7.6785E-01
  6.5400E+01  2.0300E+02  7.5446E-06  2.3214E-01  7.6785E-01
  1.3100E+02  2.0300E+02  7.5446E-06  2.3214E-01  7.6785E-01
  1.9600E+02  2.0300E+02  7.5446E-06  2.3214E-01  7.6785E-01
  2.6200E+02  2.0300E+02  7.5446E-06  2.3214E-01  7.6785E-01
  3.2700E+02  2.0300E+02  7.5446E-06  2.3214E-01  7.6785E-01
  4.5800E+02  2.0300E+02  7.5446E-06  2.3214E-01  7.6785E-01
  6.5400E+02  2.0300E+02  7.5446E-06  2.3214E-01  7.6785E-01
  1.3100E+03  2.0300E+02  7.5446E-06  2.3214E-01  7.6785E-01
  1.9600E+03  2.0300E+02  7.5446E-06  2.3214E-01  7.6785E-01
  2.6200E+03  2.0300E+02  7.5446E-06  2.3214E-01  7.6785E-01
  3.2700E+03  2.0300E+02  7.5446E-06  2.3214E-01  7.6785E-01
  4.5800E+03  2.0300E+02  7.5446E-06  2.3214E-01  7.6785E-01
  6.5400E+03  2.0300E+02  7.5446E-06  2.3214E-01  7.6785E-01
  9.8200E+03  2.0300E+02  7.5446E-06  2.3214E-01  7.6785E-01
  1.0400E+04  2.0300E+02  7.5446E-06  2.3214E-01  7.6785E-01
  1.3100E+04  2.1617E+02  2.7999E-05  2.3214E-01  7.6783E-01
  1.5600E+04  2.2600E+02  1.0525E-04  2.3214E-01  7.6775E-01
  1.6400E+04  2.2911E+02  1.3273E-04  2.3214E-01  7.6772E-01
  1.9600E+04  2.3957E+02  3.7062E-04  2.3214E-01  7.6749E-01
  2.2900E+04  2.4795E+02  7.2036E-04  2.3214E-01  7.6714E-01
  2.6200E+04  2.5466E+02  1.1755E-03  2.3214E-01  7.6668E-01
  2.9400E+04  2.6010E+02  1.6831E-03  2.3214E-01  7.6617E-01
  3.2700E+04  2.6460E+02  2.2288E-03  2.3214E-01  7.6563E-01
  3.4800E+04  2.6700E+02  2.6616E-03  2.3214E-01  7.6519E-01
  3.6000E+04  2.6842E+02  2.9612E-03  2.3214E-01  7.6489E-01
  3.9300E+04  2.7172E+02  3.8486E-03  2.3214E-01  7.6401E-01
  4.2500E+04  2.7462E+02  4.6203E-03  2.3214E-01  7.6324E-01
  4.5800E+04  2.7722E+02  5.3581E-03  2.3214E-01  7.6250E-01
  4.7400E+04  2.7843E+02  5.7864E-03  2.3214E-01  7.6207E-01
  4.9100E+04  2.7959E+02  6.2131E-03  2.3214E-01  7.6164E-01
  4.9700E+04  2.8000E+02  6.3625E-03  2.3214E-01  7.6149E-01
  5.0700E+04  2.8070E+02  6.6078E-03  2.3214E-01  7.6125E-01
  5.2400E+04  2.8176E+02  7.0063E-03  2.3214E-01  7.6085E-01
  5.4000E+04  2.8278E+02  7.5303E-03  2.3214E-01  7.6033E-01
  5.5600E+04  2.8376E+02  8.3164E-03  2.3214E-01  7.5954E-01
  5.7300E+04  2.8471E+02  9.3864E-03  2.3214E-01  7.5847E-01
  5.8900E+04  2.8563E+02  1.0592E-02  2.3214E-01  7.5726E-01
  6.0500E+04  2.8651E+02  1.1730E-02  2.3214E-01  7.5613E-01
  6.2200E+04  2.8737E+02  1.2641E-02  2.3214E-01  7.5521E-01
  6.3800E+04  2.8820E+02  1.2973E-02  2.3214E-01  7.5488E-01
  6.5400E+04  2.8900E+02  1.3210E-02  2.3214E-01  7.5465E-01
