./cloud_1_1_1/CO2_3.8/inputs/GAM.atm
Created with write_smart_atm.m on 23-Jan-2014

      46 levels
       3 absorbing gases
   28.06 average molecular mass
    mass mixing ratios

     p(Pa)        T(K)        1(H2O)      2(CO2)      22(N2)
  5.0273E+00  2.0300E+02  7.8678E-06  4.7893E-04  9.9951E-01
  1.5100E+01  2.0300E+02  7.8678E-06  4.7893E-04  9.9951E-01
  2.0100E+01  2.0300E+02  7.8678E-06  4.7893E-04  9.9951E-01
  2.5100E+01  2.0300E+02  7.8678E-06  4.7893E-04  9.9951E-01
  3.5200E+01  2.0300E+02  7.8678E-06  4.7893E-04  9.9951E-01
  5.0300E+01  2.0300E+02  7.8678E-06  4.7893E-04  9.9951E-01
  1.0100E+02  2.0300E+02  7.8678E-06  4.7893E-04  9.9951E-01
  1.5100E+02  2.0300E+02  7.8678E-06  4.7893E-04  9.9951E-01
  2.0100E+02  2.0300E+02  7.8678E-06  4.7893E-04  9.9951E-01
  2.5100E+02  2.0300E+02  7.8678E-06  4.7893E-04  9.9951E-01
  3.5200E+02  2.0300E+02  7.8678E-06  4.7893E-04  9.9951E-01
  5.0300E+02  2.0300E+02  7.8678E-06  4.7893E-04  9.9951E-01
  1.0100E+03  2.0300E+02  7.8678E-06  4.7893E-04  9.9951E-01
  1.5100E+03  2.0300E+02  7.8678E-06  4.7893E-04  9.9951E-01
  2.0100E+03  2.0300E+02  7.8678E-06  4.7893E-04  9.9951E-01
  2.5100E+03  2.0300E+02  7.8678E-06  4.7893E-04  9.9951E-01
  3.5200E+03  2.0300E+02  7.8678E-06  4.7893E-04  9.9951E-01
  5.0300E+03  2.0300E+02  7.8678E-06  4.7893E-04  9.9951E-01
  7.5300E+03  2.0300E+02  7.8678E-06  4.7893E-04  9.9951E-01
  7.5400E+03  2.0311E+02  7.9036E-06  4.7893E-04  9.9951E-01
  1.0100E+04  2.2070E+02  7.1338E-05  4.7893E-04  9.9945E-01
  1.1000E+04  2.2600E+02  1.6822E-04  4.7893E-04  9.9935E-01
  1.2600E+04  2.3442E+02  3.4691E-04  4.7893E-04  9.9917E-01
  1.5100E+04  2.4478E+02  9.1086E-04  4.7893E-04  9.9861E-01
  1.7600E+04  2.5253E+02  1.6095E-03  4.7893E-04  9.9791E-01
  2.0100E+04  2.5849E+02  2.3981E-03  4.7893E-04  9.9712E-01
  2.2600E+04  2.6324E+02  3.1868E-03  4.7893E-04  9.9633E-01
  2.5000E+04  2.6700E+02  3.9425E-03  4.7893E-04  9.9558E-01
  2.5100E+04  2.6717E+02  3.9798E-03  4.7893E-04  9.9554E-01
  2.7700E+04  2.7050E+02  5.0504E-03  4.7893E-04  9.9447E-01
  3.0200E+04  2.7340E+02  6.3178E-03  4.7893E-04  9.9320E-01
  3.2700E+04  2.7598E+02  7.2857E-03  4.7893E-04  9.9224E-01
  3.5200E+04  2.7831E+02  8.2800E-03  4.7893E-04  9.9124E-01
  3.6400E+04  2.7940E+02  8.8587E-03  4.7893E-04  9.9066E-01
  3.7200E+04  2.8000E+02  9.1934E-03  4.7893E-04  9.9033E-01
  3.7700E+04  2.8044E+02  9.4321E-03  4.7893E-04  9.9009E-01
  3.9000E+04  2.8144E+02  9.9542E-03  4.7893E-04  9.8957E-01
  4.0200E+04  2.8240E+02  1.0479E-02  4.7893E-04  9.8904E-01
  4.1500E+04  2.8333E+02  1.1188E-02  4.7893E-04  9.8833E-01
  4.2700E+04  2.8422E+02  1.2277E-02  4.7893E-04  9.8724E-01
  4.4000E+04  2.8508E+02  1.3776E-02  4.7893E-04  9.8575E-01
  4.5200E+04  2.8592E+02  1.5466E-02  4.7893E-04  9.8406E-01
  4.6500E+04  2.8672E+02  1.7042E-02  4.7893E-04  9.8248E-01
  4.7800E+04  2.8750E+02  1.8281E-02  4.7893E-04  9.8124E-01
  4.9000E+04  2.8826E+02  1.8676E-02  4.7893E-04  9.8084E-01
  5.0300E+04  2.8900E+02  1.8934E-02  4.7893E-04  9.8059E-01
