./cloud_1_1_1/CO2_1.8/inputs/GAM.atm
Created with write_smart_atm.m on 23-Jan-2014

      46 levels
       3 absorbing gases
   28.53 average molecular mass
    mass mixing ratios

     p(Pa)        T(K)        1(H2O)      2(CO2)      22(N2)
  5.2656E+00  2.0300E+02  8.3477E-06  4.5725E-02  9.5427E-01
  1.5800E+01  2.0300E+02  8.3477E-06  4.5725E-02  9.5427E-01
  2.1100E+01  2.0300E+02  8.3477E-06  4.5725E-02  9.5427E-01
  2.6300E+01  2.0300E+02  8.3477E-06  4.5725E-02  9.5427E-01
  3.6900E+01  2.0300E+02  8.3477E-06  4.5725E-02  9.5427E-01
  5.2700E+01  2.0300E+02  8.3477E-06  4.5725E-02  9.5427E-01
  1.0500E+02  2.0300E+02  8.3477E-06  4.5725E-02  9.5427E-01
  1.5800E+02  2.0300E+02  8.3477E-06  4.5725E-02  9.5427E-01
  2.1100E+02  2.0300E+02  8.3477E-06  4.5725E-02  9.5427E-01
  2.6300E+02  2.0300E+02  8.3477E-06  4.5725E-02  9.5427E-01
  3.6900E+02  2.0300E+02  8.3477E-06  4.5725E-02  9.5427E-01
  5.2700E+02  2.0300E+02  8.3477E-06  4.5725E-02  9.5427E-01
  1.0500E+03  2.0300E+02  8.3477E-06  4.5725E-02  9.5427E-01
  1.5800E+03  2.0300E+02  8.3477E-06  4.5725E-02  9.5427E-01
  2.1100E+03  2.0300E+02  8.3477E-06  4.5725E-02  9.5427E-01
  2.6300E+03  2.0300E+02  8.3477E-06  4.5725E-02  9.5427E-01
  3.6900E+03  2.0300E+02  8.3477E-06  4.5725E-02  9.5427E-01
  5.2700E+03  2.0300E+02  8.3477E-06  4.5725E-02  9.5427E-01
  7.9000E+03  2.0300E+02  8.3477E-06  4.5725E-02  9.5427E-01
  7.9900E+03  2.0300E+02  8.3477E-06  4.5725E-02  9.5427E-01
  1.0500E+04  2.1969E+02  5.8915E-05  4.5725E-02  9.5422E-01
  1.1800E+04  2.2600E+02  1.5670E-04  4.5725E-02  9.5412E-01
  1.3200E+04  2.3331E+02  2.8731E-04  4.5725E-02  9.5399E-01
  1.5800E+04  2.4376E+02  7.6953E-04  4.5725E-02  9.5351E-01
  1.8400E+04  2.5168E+02  1.3909E-03  4.5725E-02  9.5288E-01
  2.1100E+04  2.5780E+02  2.1116E-03  4.5725E-02  9.5216E-01
  2.3700E+04  2.6268E+02  2.8459E-03  4.5725E-02  9.5143E-01
  2.6300E+04  2.6672E+02  3.5920E-03  4.5725E-02  9.5068E-01
  2.6500E+04  2.6700E+02  3.6613E-03  4.5725E-02  9.5061E-01
  2.9000E+04  2.7014E+02  4.5953E-03  4.5725E-02  9.4968E-01
  3.1600E+04  2.7311E+02  5.7961E-03  4.5725E-02  9.4848E-01
  3.4200E+04  2.7574E+02  6.7206E-03  4.5725E-02  9.4755E-01
  3.6900E+04  2.7812E+02  7.6613E-03  4.5725E-02  9.4661E-01
  3.8200E+04  2.7923E+02  8.2097E-03  4.5725E-02  9.4607E-01
  3.9100E+04  2.8000E+02  8.6063E-03  4.5725E-02  9.4567E-01
  3.9500E+04  2.8029E+02  8.7541E-03  4.5725E-02  9.4552E-01
  4.0800E+04  2.8131E+02  9.2513E-03  4.5725E-02  9.4502E-01
  4.2100E+04  2.8229E+02  9.7513E-03  4.5725E-02  9.4452E-01
  4.3400E+04  2.8323E+02  1.0422E-02  4.5725E-02  9.4385E-01
  4.4800E+04  2.8414E+02  1.1450E-02  4.5725E-02  9.4283E-01
  4.6100E+04  2.8502E+02  1.2863E-02  4.5725E-02  9.4141E-01
  4.7400E+04  2.8587E+02  1.4453E-02  4.5725E-02  9.3982E-01
  4.8700E+04  2.8669E+02  1.5940E-02  4.5725E-02  9.3834E-01
  5.0000E+04  2.8748E+02  1.7112E-02  4.5725E-02  9.3716E-01
  5.1300E+04  2.8825E+02  1.7496E-02  4.5725E-02  9.3678E-01
  5.2700E+04  2.8900E+02  1.7750E-02  4.5725E-02  9.3652E-01
