./cloud_1_1_1/CO2_1.8/inputs/GAM.atm
Created with write_smart_atm.m on 23-Jan-2014

      46 levels
       3 absorbing gases
   28.15 average molecular mass
    mass mixing ratios

     p(Pa)        T(K)        1(H2O)      2(CO2)      22(N2)
  2.0300E+01  2.0300E+02  1.6050E-06  1.1881E-02  9.8812E-01
  6.0800E+01  2.0300E+02  1.6050E-06  1.1881E-02  9.8812E-01
  8.1100E+01  2.0300E+02  1.6050E-06  1.1881E-02  9.8812E-01
  1.0100E+02  2.0300E+02  1.6050E-06  1.1881E-02  9.8812E-01
  1.4200E+02  2.0300E+02  1.6050E-06  1.1881E-02  9.8812E-01
  2.0300E+02  2.0300E+02  1.6050E-06  1.1881E-02  9.8812E-01
  4.0500E+02  2.0300E+02  1.6050E-06  1.1881E-02  9.8812E-01
  6.0800E+02  2.0300E+02  1.6050E-06  1.1881E-02  9.8812E-01
  8.1100E+02  2.0300E+02  1.6050E-06  1.1881E-02  9.8812E-01
  1.0100E+03  2.0300E+02  1.6050E-06  1.1881E-02  9.8812E-01
  1.4200E+03  2.0300E+02  1.6050E-06  1.1881E-02  9.8812E-01
  2.0300E+03  2.0300E+02  1.6050E-06  1.1881E-02  9.8812E-01
  4.0500E+03  2.0300E+02  1.6050E-06  1.1881E-02  9.8812E-01
  6.0800E+03  2.0300E+02  1.6050E-06  1.1881E-02  9.8812E-01
  8.1100E+03  2.0300E+02  1.6050E-06  1.1881E-02  9.8812E-01
  1.0100E+04  2.0300E+02  1.6050E-06  1.1881E-02  9.8812E-01
  1.4200E+04  2.0300E+02  1.6050E-06  1.1881E-02  9.8812E-01
  2.0300E+04  2.0300E+02  1.6050E-06  1.1881E-02  9.8812E-01
  3.0400E+04  2.0300E+02  1.6050E-06  1.1881E-02  9.8812E-01
  4.0500E+04  2.0300E+02  1.6050E-06  1.1881E-02  9.8812E-01
  5.0700E+04  2.0300E+02  1.6050E-06  1.1881E-02  9.8812E-01
  5.1300E+04  2.0300E+02  1.6050E-06  1.1881E-02  9.8812E-01
  6.0800E+04  2.1338E+02  5.5714E-06  1.1881E-02  9.8811E-01
  7.0900E+04  2.2321E+02  1.6149E-05  1.1881E-02  9.8810E-01
  7.4100E+04  2.2600E+02  2.3468E-05  1.1881E-02  9.8810E-01
  8.1100E+04  2.3202E+02  3.8972E-05  1.1881E-02  9.8808E-01
  9.1200E+04  2.3996E+02  8.0817E-05  1.1881E-02  9.8804E-01
  1.0100E+05  2.4713E+02  1.5014E-04  1.1881E-02  9.8797E-01
  1.1100E+05  2.5358E+02  2.6942E-04  1.1881E-02  9.8785E-01
  1.2200E+05  2.5936E+02  4.5461E-04  1.1881E-02  9.8766E-01
  1.3200E+05  2.6453E+02  6.9145E-04  1.1881E-02  9.8743E-01
  1.3700E+05  2.6700E+02  8.4712E-04  1.1881E-02  9.8727E-01
  1.4200E+05  2.6915E+02  9.9227E-04  1.1881E-02  9.8713E-01
  1.4700E+05  2.7127E+02  1.1761E-03  1.1881E-02  9.8694E-01
  1.5200E+05  2.7328E+02  1.3749E-03  1.1881E-02  9.8674E-01
  1.5700E+05  2.7518E+02  1.5537E-03  1.1881E-02  9.8657E-01
  1.6200E+05  2.7700E+02  1.7429E-03  1.1881E-02  9.8638E-01
  1.6700E+05  2.7874E+02  1.9739E-03  1.1881E-02  9.8615E-01
  1.7100E+05  2.8000E+02  2.2039E-03  1.1881E-02  9.8592E-01
  1.7200E+05  2.8039E+02  2.2871E-03  1.1881E-02  9.8583E-01
  1.7700E+05  2.8198E+02  2.6990E-03  1.1881E-02  9.8542E-01
  1.8200E+05  2.8350E+02  3.1754E-03  1.1881E-02  9.8494E-01
  1.8700E+05  2.8496E+02  3.6544E-03  1.1881E-02  9.8446E-01
  1.9300E+05  2.8636E+02  4.0837E-03  1.1881E-02  9.8404E-01
  1.9800E+05  2.8770E+02  4.3364E-03  1.1881E-02  9.8378E-01
  2.0300E+05  2.8900E+02  4.5553E-03  1.1881E-02  9.8356E-01
