./cloud_1_1_1/CO2_1.4/inputs/GAM.atm
Created with write_smart_atm.m on 23-Jan-2014

      46 levels
       3 absorbing gases
   29.19 average molecular mass
    mass mixing ratios

     p(Pa)        T(K)        1(H2O)      2(CO2)      22(N2)
  5.6297E+00  2.0300E+02  8.5745E-06  1.0743E-01  8.9256E-01
  1.6900E+01  2.0300E+02  8.5745E-06  1.0743E-01  8.9256E-01
  2.2500E+01  2.0300E+02  8.5745E-06  1.0743E-01  8.9256E-01
  2.8100E+01  2.0300E+02  8.5745E-06  1.0743E-01  8.9256E-01
  3.9400E+01  2.0300E+02  8.5745E-06  1.0743E-01  8.9256E-01
  5.6300E+01  2.0300E+02  8.5745E-06  1.0743E-01  8.9256E-01
  1.1300E+02  2.0300E+02  8.5745E-06  1.0743E-01  8.9256E-01
  1.6900E+02  2.0300E+02  8.5745E-06  1.0743E-01  8.9256E-01
  2.2500E+02  2.0300E+02  8.5745E-06  1.0743E-01  8.9256E-01
  2.8100E+02  2.0300E+02  8.5745E-06  1.0743E-01  8.9256E-01
  3.9400E+02  2.0300E+02  8.5745E-06  1.0743E-01  8.9256E-01
  5.6300E+02  2.0300E+02  8.5745E-06  1.0743E-01  8.9256E-01
  1.1300E+03  2.0300E+02  8.5745E-06  1.0743E-01  8.9256E-01
  1.6900E+03  2.0300E+02  8.5745E-06  1.0743E-01  8.9256E-01
  2.2500E+03  2.0300E+02  8.5745E-06  1.0743E-01  8.9256E-01
  2.8100E+03  2.0300E+02  8.5745E-06  1.0743E-01  8.9256E-01
  3.9400E+03  2.0300E+02  8.5745E-06  1.0743E-01  8.9256E-01
  5.6300E+03  2.0300E+02  8.5745E-06  1.0743E-01  8.9256E-01
  8.4400E+03  2.0300E+02  8.5745E-06  1.0743E-01  8.9256E-01
  8.6900E+03  2.0300E+02  8.5745E-06  1.0743E-01  8.9256E-01
  1.1300E+04  2.1841E+02  4.5683E-05  1.0743E-01  8.9253E-01
  1.2900E+04  2.2600E+02  1.3957E-04  1.0743E-01  8.9243E-01
  1.4100E+04  2.3184E+02  2.2215E-04  1.0743E-01  8.9235E-01
  1.6900E+04  2.4236E+02  6.0758E-04  1.0743E-01  8.9196E-01
  1.9700E+04  2.5048E+02  1.1297E-03  1.0743E-01  8.9144E-01
  2.2500E+04  2.5681E+02  1.7589E-03  1.0743E-01  8.9081E-01
  2.5300E+04  2.6188E+02  2.4181E-03  1.0743E-01  8.9015E-01
  2.8100E+04  2.6607E+02  3.0989E-03  1.0743E-01  8.8947E-01
  2.8900E+04  2.6700E+02  3.3084E-03  1.0743E-01  8.8926E-01
  3.1000E+04  2.6962E+02  4.0112E-03  1.0743E-01  8.8856E-01
  3.3800E+04  2.7269E+02  5.1059E-03  1.0743E-01  8.8747E-01
  3.6600E+04  2.7540E+02  5.9826E-03  1.0743E-01  8.8659E-01
  3.9400E+04  2.7785E+02  6.8592E-03  1.0743E-01  8.8571E-01
  4.0800E+04  2.7899E+02  7.3650E-03  1.0743E-01  8.8521E-01
  4.2100E+04  2.8000E+02  7.8319E-03  1.0743E-01  8.8474E-01
  4.2200E+04  2.8008E+02  7.8680E-03  1.0743E-01  8.8470E-01
  4.3600E+04  2.8113E+02  8.3300E-03  1.0743E-01  8.8424E-01
  4.5000E+04  2.8213E+02  8.7962E-03  1.0743E-01  8.8378E-01
  4.6400E+04  2.8310E+02  9.4185E-03  1.0743E-01  8.8315E-01
  4.7900E+04  2.8403E+02  1.0366E-02  1.0743E-01  8.8221E-01
  4.9300E+04  2.8493E+02  1.1662E-02  1.0743E-01  8.8091E-01
  5.0700E+04  2.8579E+02  1.3120E-02  1.0743E-01  8.7945E-01
  5.2100E+04  2.8663E+02  1.4488E-02  1.0743E-01  8.7808E-01
  5.3500E+04  2.8745E+02  1.5571E-02  1.0743E-01  8.7700E-01
  5.4900E+04  2.8823E+02  1.5938E-02  1.0743E-01  8.7663E-01
  5.6300E+04  2.8900E+02  1.6188E-02  1.0743E-01  8.7638E-01
