./cloud_1_1_1/CO2_2/inputs/GAM.atm
Created with write_smart_atm.m on 21-Jan-2014

      46 levels
       3 absorbing gases
   28.19 average molecular mass
    mass mixing ratios

     p(Pa)        T(K)        1(H2O)      2(CO2)      22(N2)
  1.0200E+01  2.0300E+02  4.2081E-06  1.4928E-02  9.8507E-01
  3.0500E+01  2.0300E+02  4.2081E-06  1.4928E-02  9.8507E-01
  4.0700E+01  2.0300E+02  4.2081E-06  1.4928E-02  9.8507E-01
  5.0900E+01  2.0300E+02  4.2081E-06  1.4928E-02  9.8507E-01
  7.1200E+01  2.0300E+02  4.2081E-06  1.4928E-02  9.8507E-01
  1.0200E+02  2.0300E+02  4.2081E-06  1.4928E-02  9.8507E-01
  2.0400E+02  2.0300E+02  4.2081E-06  1.4928E-02  9.8507E-01
  3.0500E+02  2.0300E+02  4.2081E-06  1.4928E-02  9.8507E-01
  4.0700E+02  2.0300E+02  4.2081E-06  1.4928E-02  9.8507E-01
  5.0900E+02  2.0300E+02  4.2081E-06  1.4928E-02  9.8507E-01
  7.1200E+02  2.0300E+02  4.2081E-06  1.4928E-02  9.8507E-01
  1.0200E+03  2.0300E+02  4.2081E-06  1.4928E-02  9.8507E-01
  2.0400E+03  2.0300E+02  4.2081E-06  1.4928E-02  9.8507E-01
  3.0500E+03  2.0300E+02  4.2081E-06  1.4928E-02  9.8507E-01
  4.0700E+03  2.0300E+02  4.2081E-06  1.4928E-02  9.8507E-01
  5.0900E+03  2.0300E+02  4.2081E-06  1.4928E-02  9.8507E-01
  7.1200E+03  2.0300E+02  4.2081E-06  1.4928E-02  9.8507E-01
  1.0200E+04  2.0300E+02  4.2081E-06  1.4928E-02  9.8507E-01
  1.5300E+04  2.0300E+02  4.2081E-06  1.4928E-02  9.8507E-01
  2.0400E+04  2.0300E+02  4.2081E-06  1.4928E-02  9.8507E-01
  2.1700E+04  2.0300E+02  4.2081E-06  1.4928E-02  9.8507E-01
  2.5400E+04  2.1278E+02  1.1820E-05  1.4928E-02  9.8506E-01
  3.0500E+04  2.2431E+02  4.5085E-05  1.4928E-02  9.8503E-01
  3.1400E+04  2.2600E+02  5.8144E-05  1.4928E-02  9.8501E-01
  3.5600E+04  2.3431E+02  1.1847E-04  1.4928E-02  9.8495E-01
  4.0700E+04  2.4295E+02  2.5570E-04  1.4928E-02  9.8482E-01
  4.5800E+04  2.5036E+02  4.6642E-04  1.4928E-02  9.8461E-01
  5.0900E+04  2.5665E+02  7.5336E-04  1.4928E-02  9.8432E-01
  5.6000E+04  2.6200E+02  1.1723E-03  1.4928E-02  9.8390E-01
  6.1100E+04  2.6658E+02  1.7257E-03  1.4928E-02  9.8335E-01
  6.1600E+04  2.6700E+02  1.7888E-03  1.4928E-02  9.8328E-01
  6.6100E+04  2.7055E+02  2.3171E-03  1.4928E-02  9.8276E-01
  7.1200E+04  2.7401E+02  2.9541E-03  1.4928E-02  9.8212E-01
  7.3800E+04  2.7560E+02  3.2838E-03  1.4928E-02  9.8179E-01
  7.6300E+04  2.7711E+02  3.6179E-03  1.4928E-02  9.8145E-01
  7.8900E+04  2.7854E+02  3.9437E-03  1.4928E-02  9.8113E-01
  8.1400E+04  2.7991E+02  4.2742E-03  1.4928E-02  9.8080E-01
  8.1600E+04  2.8000E+02  4.2991E-03  1.4928E-02  9.8077E-01
  8.4000E+04  2.8121E+02  4.6866E-03  1.4928E-02  9.8039E-01
  8.6500E+04  2.8246E+02  5.2749E-03  1.4928E-02  9.7980E-01
  8.9000E+04  2.8366E+02  6.0575E-03  1.4928E-02  9.7901E-01
  9.1600E+04  2.8481E+02  6.9452E-03  1.4928E-02  9.7813E-01
  9.4100E+04  2.8592E+02  7.8055E-03  1.4928E-02  9.7727E-01
  9.6700E+04  2.8698E+02  8.5296E-03  1.4928E-02  9.7654E-01
  9.9200E+04  2.8801E+02  8.8691E-03  1.4928E-02  9.7620E-01
  1.0200E+05  2.8900E+02  9.1392E-03  1.4928E-02  9.7593E-01
