./cloud_1_1_1/CO2_2.4/inputs/GAM.atm
Created with write_smart_atm.m on 21-Jan-2014

      46 levels
       3 absorbing gases
   28.10 average molecular mass
    mass mixing ratios

     p(Pa)        T(K)        1(H2O)      2(CO2)      22(N2)
  1.0100E+01  2.0300E+02  4.2741E-06  5.9967E-03  9.9400E-01
  3.0300E+01  2.0300E+02  4.2741E-06  5.9967E-03  9.9400E-01
  4.0300E+01  2.0300E+02  4.2741E-06  5.9967E-03  9.9400E-01
  5.0400E+01  2.0300E+02  4.2741E-06  5.9967E-03  9.9400E-01
  7.0600E+01  2.0300E+02  4.2741E-06  5.9967E-03  9.9400E-01
  1.0100E+02  2.0300E+02  4.2741E-06  5.9967E-03  9.9400E-01
  2.0200E+02  2.0300E+02  4.2741E-06  5.9967E-03  9.9400E-01
  3.0300E+02  2.0300E+02  4.2741E-06  5.9967E-03  9.9400E-01
  4.0300E+02  2.0300E+02  4.2741E-06  5.9967E-03  9.9400E-01
  5.0400E+02  2.0300E+02  4.2741E-06  5.9967E-03  9.9400E-01
  7.0600E+02  2.0300E+02  4.2741E-06  5.9967E-03  9.9400E-01
  1.0100E+03  2.0300E+02  4.2741E-06  5.9967E-03  9.9400E-01
  2.0200E+03  2.0300E+02  4.2741E-06  5.9967E-03  9.9400E-01
  3.0300E+03  2.0300E+02  4.2741E-06  5.9967E-03  9.9400E-01
  4.0300E+03  2.0300E+02  4.2741E-06  5.9967E-03  9.9400E-01
  5.0400E+03  2.0300E+02  4.2741E-06  5.9967E-03  9.9400E-01
  7.0600E+03  2.0300E+02  4.2741E-06  5.9967E-03  9.9400E-01
  1.0100E+04  2.0300E+02  4.2741E-06  5.9967E-03  9.9400E-01
  1.5100E+04  2.0300E+02  4.2741E-06  5.9967E-03  9.9400E-01
  2.0200E+04  2.0300E+02  4.2741E-06  5.9967E-03  9.9400E-01
  2.1600E+04  2.0300E+02  4.2741E-06  5.9967E-03  9.9400E-01
  2.5200E+04  2.1276E+02  1.1940E-05  5.9967E-03  9.9399E-01
  3.0300E+04  2.2433E+02  4.5752E-05  5.9967E-03  9.9396E-01
  3.1100E+04  2.2600E+02  5.8878E-05  5.9967E-03  9.9394E-01
  3.5300E+04  2.3436E+02  1.2058E-04  5.9967E-03  9.9388E-01
  4.0300E+04  2.4302E+02  2.6064E-04  5.9967E-03  9.9374E-01
  4.5400E+04  2.5043E+02  4.7562E-04  5.9967E-03  9.9353E-01
  5.0400E+04  2.5672E+02  7.6790E-04  5.9967E-03  9.9324E-01
  5.5500E+04  2.6207E+02  1.1939E-03  5.9967E-03  9.9281E-01
  6.0500E+04  2.6664E+02  1.7559E-03  5.9967E-03  9.9225E-01
  6.1000E+04  2.6700E+02  1.8111E-03  5.9967E-03  9.9219E-01
  6.5600E+04  2.7059E+02  2.3555E-03  5.9967E-03  9.9165E-01
  7.0600E+04  2.7405E+02  2.9993E-03  5.9967E-03  9.9100E-01
  7.3100E+04  2.7564E+02  3.3332E-03  5.9967E-03  9.9067E-01
  7.5600E+04  2.7714E+02  3.6710E-03  5.9967E-03  9.9033E-01
  7.8200E+04  2.7857E+02  4.0007E-03  5.9967E-03  9.9000E-01
  8.0700E+04  2.7993E+02  4.3346E-03  5.9967E-03  9.8967E-01
  8.0800E+04  2.8000E+02  4.3532E-03  5.9967E-03  9.8965E-01
  8.3200E+04  2.8123E+02  4.7520E-03  5.9967E-03  9.8925E-01
  8.5700E+04  2.8248E+02  5.3471E-03  5.9967E-03  9.8866E-01
  8.8200E+04  2.8367E+02  6.1390E-03  5.9967E-03  9.8786E-01
  9.0800E+04  2.8482E+02  7.0372E-03  5.9967E-03  9.8697E-01
  9.3300E+04  2.8592E+02  7.9073E-03  5.9967E-03  9.8610E-01
  9.5800E+04  2.8699E+02  8.6393E-03  5.9967E-03  9.8536E-01
  9.8300E+04  2.8801E+02  8.9816E-03  5.9967E-03  9.8502E-01
  1.0100E+05  2.8900E+02  9.2536E-03  5.9967E-03  9.8475E-01
