./cloud_1_1_1/CO2_4.6/inputs/GAM.atm
Created with write_smart_atm.m on 23-Jan-2014

      46 levels
       3 absorbing gases
   28.06 average molecular mass
    mass mixing ratios

     p(Pa)        T(K)        1(H2O)      2(CO2)      22(N2)
  5.0253E+00  2.0300E+02  7.8777E-06  7.5935E-05  9.9992E-01
  1.5100E+01  2.0300E+02  7.8777E-06  7.5935E-05  9.9992E-01
  2.0100E+01  2.0300E+02  7.8777E-06  7.5935E-05  9.9992E-01
  2.5100E+01  2.0300E+02  7.8777E-06  7.5935E-05  9.9992E-01
  3.5200E+01  2.0300E+02  7.8777E-06  7.5935E-05  9.9992E-01
  5.0300E+01  2.0300E+02  7.8777E-06  7.5935E-05  9.9992E-01
  1.0100E+02  2.0300E+02  7.8777E-06  7.5935E-05  9.9992E-01
  1.5100E+02  2.0300E+02  7.8777E-06  7.5935E-05  9.9992E-01
  2.0100E+02  2.0300E+02  7.8777E-06  7.5935E-05  9.9992E-01
  2.5100E+02  2.0300E+02  7.8777E-06  7.5935E-05  9.9992E-01
  3.5200E+02  2.0300E+02  7.8777E-06  7.5935E-05  9.9992E-01
  5.0300E+02  2.0300E+02  7.8777E-06  7.5935E-05  9.9992E-01
  1.0100E+03  2.0300E+02  7.8777E-06  7.5935E-05  9.9992E-01
  1.5100E+03  2.0300E+02  7.8777E-06  7.5935E-05  9.9992E-01
  2.0100E+03  2.0300E+02  7.8777E-06  7.5935E-05  9.9992E-01
  2.5100E+03  2.0300E+02  7.8777E-06  7.5935E-05  9.9992E-01
  3.5200E+03  2.0300E+02  7.8777E-06  7.5935E-05  9.9992E-01
  5.0300E+03  2.0300E+02  7.8777E-06  7.5935E-05  9.9992E-01
  7.5300E+03  2.0300E+02  7.8777E-06  7.5935E-05  9.9992E-01
  7.5400E+03  2.0311E+02  7.9157E-06  7.5935E-05  9.9992E-01
  1.0100E+04  2.2071E+02  7.1461E-05  7.5935E-05  9.9985E-01
  1.1000E+04  2.2600E+02  1.6831E-04  7.5935E-05  9.9976E-01
  1.2600E+04  2.3443E+02  3.4749E-04  7.5935E-05  9.9958E-01
  1.5100E+04  2.4479E+02  9.1221E-04  7.5935E-05  9.9901E-01
  1.7600E+04  2.5254E+02  1.6116E-03  7.5935E-05  9.9831E-01
  2.0100E+04  2.5849E+02  2.4008E-03  7.5935E-05  9.9752E-01
  2.2600E+04  2.6324E+02  3.1899E-03  7.5935E-05  9.9673E-01
  2.5000E+04  2.6700E+02  3.9452E-03  7.5935E-05  9.9598E-01
  2.5100E+04  2.6717E+02  3.9834E-03  7.5935E-05  9.9594E-01
  2.7600E+04  2.7051E+02  5.0546E-03  7.5935E-05  9.9487E-01
  3.0200E+04  2.7340E+02  6.3226E-03  7.5935E-05  9.9360E-01
  3.2700E+04  2.7598E+02  7.2909E-03  7.5935E-05  9.9263E-01
  3.5200E+04  2.7831E+02  8.2856E-03  7.5935E-05  9.9164E-01
  3.6400E+04  2.7940E+02  8.8645E-03  7.5935E-05  9.9106E-01
  3.7200E+04  2.8000E+02  9.1987E-03  7.5935E-05  9.9073E-01
  3.7700E+04  2.8044E+02  9.4382E-03  7.5935E-05  9.9049E-01
  3.8900E+04  2.8144E+02  9.9606E-03  7.5935E-05  9.8996E-01
  4.0200E+04  2.8240E+02  1.0486E-02  7.5935E-05  9.8944E-01
  4.1500E+04  2.8333E+02  1.1194E-02  7.5935E-05  9.8873E-01
  4.2700E+04  2.8422E+02  1.2285E-02  7.5935E-05  9.8764E-01
  4.4000E+04  2.8508E+02  1.3784E-02  7.5935E-05  9.8614E-01
  4.5200E+04  2.8592E+02  1.5475E-02  7.5935E-05  9.8445E-01
  4.6500E+04  2.8672E+02  1.7052E-02  7.5935E-05  9.8287E-01
  4.7700E+04  2.8750E+02  1.8291E-02  7.5935E-05  9.8163E-01
  4.9000E+04  2.8826E+02  1.8687E-02  7.5935E-05  9.8124E-01
  5.0300E+04  2.8900E+02  1.8945E-02  7.5935E-05  9.8098E-01
