./cloud_1_1_1/CO2_1.6/inputs/GAM.atm
Created with write_smart_atm.m on 23-Jan-2014

      46 levels
       3 absorbing gases
   28.79 average molecular mass
    mass mixing ratios

     p(Pa)        T(K)        1(H2O)      2(CO2)      22(N2)
  5.4065E+00  2.0300E+02  8.5341E-06  7.0581E-02  9.2941E-01
  1.6200E+01  2.0300E+02  8.5341E-06  7.0581E-02  9.2941E-01
  2.1600E+01  2.0300E+02  8.5341E-06  7.0581E-02  9.2941E-01
  2.7000E+01  2.0300E+02  8.5341E-06  7.0581E-02  9.2941E-01
  3.7800E+01  2.0300E+02  8.5341E-06  7.0581E-02  9.2941E-01
  5.4100E+01  2.0300E+02  8.5341E-06  7.0581E-02  9.2941E-01
  1.0800E+02  2.0300E+02  8.5341E-06  7.0581E-02  9.2941E-01
  1.6200E+02  2.0300E+02  8.5341E-06  7.0581E-02  9.2941E-01
  2.1600E+02  2.0300E+02  8.5341E-06  7.0581E-02  9.2941E-01
  2.7000E+02  2.0300E+02  8.5341E-06  7.0581E-02  9.2941E-01
  3.7800E+02  2.0300E+02  8.5341E-06  7.0581E-02  9.2941E-01
  5.4100E+02  2.0300E+02  8.5341E-06  7.0581E-02  9.2941E-01
  1.0800E+03  2.0300E+02  8.5341E-06  7.0581E-02  9.2941E-01
  1.6200E+03  2.0300E+02  8.5341E-06  7.0581E-02  9.2941E-01
  2.1600E+03  2.0300E+02  8.5341E-06  7.0581E-02  9.2941E-01
  2.7000E+03  2.0300E+02  8.5341E-06  7.0581E-02  9.2941E-01
  3.7800E+03  2.0300E+02  8.5341E-06  7.0581E-02  9.2941E-01
  5.4100E+03  2.0300E+02  8.5341E-06  7.0581E-02  9.2941E-01
  8.1100E+03  2.0300E+02  8.5341E-06  7.0581E-02  9.2941E-01
  8.2600E+03  2.0300E+02  8.5341E-06  7.0581E-02  9.2941E-01
  1.0800E+04  2.1916E+02  5.3128E-05  7.0581E-02  9.2937E-01
  1.2200E+04  2.2600E+02  1.4991E-04  7.0581E-02  9.2927E-01
  1.3500E+04  2.3271E+02  2.5902E-04  7.0581E-02  9.2916E-01
  1.6200E+04  2.4319E+02  7.0022E-04  7.0581E-02  9.2872E-01
  1.8900E+04  2.5120E+02  1.2807E-03  7.0581E-02  9.2814E-01
  2.1600E+04  2.5741E+02  1.9642E-03  7.0581E-02  9.2745E-01
  2.4300E+04  2.6237E+02  2.6684E-03  7.0581E-02  9.2675E-01
  2.7000E+04  2.6646E+02  3.3884E-03  7.0581E-02  9.2603E-01
  2.7400E+04  2.6700E+02  3.5162E-03  7.0581E-02  9.2590E-01
  2.9700E+04  2.6994E+02  4.3549E-03  7.0581E-02  9.2506E-01
  3.2400E+04  2.7294E+02  5.5125E-03  7.0581E-02  9.2391E-01
  3.5100E+04  2.7561E+02  6.4188E-03  7.0581E-02  9.2300E-01
  3.7800E+04  2.7802E+02  7.3335E-03  7.0581E-02  9.2209E-01
  3.9200E+04  2.7914E+02  7.8629E-03  7.0581E-02  9.2156E-01
  4.0300E+04  2.8000E+02  8.2901E-03  7.0581E-02  9.2113E-01
  4.0500E+04  2.8021E+02  8.3912E-03  7.0581E-02  9.2103E-01
  4.1900E+04  2.8124E+02  8.8747E-03  7.0581E-02  9.2054E-01
  4.3300E+04  2.8223E+02  9.3611E-03  7.0581E-02  9.2006E-01
  4.4600E+04  2.8318E+02  1.0012E-02  7.0581E-02  9.1941E-01
  4.6000E+04  2.8410E+02  1.1007E-02  7.0581E-02  9.1841E-01
  4.7300E+04  2.8498E+02  1.2373E-02  7.0581E-02  9.1705E-01
  4.8700E+04  2.8584E+02  1.3910E-02  7.0581E-02  9.1551E-01
  5.0000E+04  2.8667E+02  1.5348E-02  7.0581E-02  9.1407E-01
  5.1400E+04  2.8747E+02  1.6484E-02  7.0581E-02  9.1293E-01
  5.2700E+04  2.8825E+02  1.6861E-02  7.0581E-02  9.1256E-01
  5.4100E+04  2.8900E+02  1.7114E-02  7.0581E-02  9.1230E-01
