./cloud_1_1_1/CO2_0.8/inputs/GAM.atm
Created with write_smart_atm.m on 23-Jan-2014

      46 levels
       3 absorbing gases
   31.79 average molecular mass
    mass mixing ratios

     p(Pa)        T(K)        1(H2O)      2(CO2)      22(N2)
  7.4326E+00  2.0300E+02  6.3552E-06  3.2394E-01  6.7605E-01
  2.2300E+01  2.0300E+02  6.3552E-06  3.2394E-01  6.7605E-01
  2.9700E+01  2.0300E+02  6.3552E-06  3.2394E-01  6.7605E-01
  3.7200E+01  2.0300E+02  6.3552E-06  3.2394E-01  6.7605E-01
  5.2000E+01  2.0300E+02  6.3552E-06  3.2394E-01  6.7605E-01
  7.4300E+01  2.0300E+02  6.3552E-06  3.2394E-01  6.7605E-01
  1.4900E+02  2.0300E+02  6.3552E-06  3.2394E-01  6.7605E-01
  2.2300E+02  2.0300E+02  6.3552E-06  3.2394E-01  6.7605E-01
  2.9700E+02  2.0300E+02  6.3552E-06  3.2394E-01  6.7605E-01
  3.7200E+02  2.0300E+02  6.3552E-06  3.2394E-01  6.7605E-01
  5.2000E+02  2.0300E+02  6.3552E-06  3.2394E-01  6.7605E-01
  7.4300E+02  2.0300E+02  6.3552E-06  3.2394E-01  6.7605E-01
  1.4900E+03  2.0300E+02  6.3552E-06  3.2394E-01  6.7605E-01
  2.2300E+03  2.0300E+02  6.3552E-06  3.2394E-01  6.7605E-01
  2.9700E+03  2.0300E+02  6.3552E-06  3.2394E-01  6.7605E-01
  3.7200E+03  2.0300E+02  6.3552E-06  3.2394E-01  6.7605E-01
  5.2000E+03  2.0300E+02  6.3552E-06  3.2394E-01  6.7605E-01
  7.4300E+03  2.0300E+02  6.3552E-06  3.2394E-01  6.7605E-01
  1.1100E+04  2.0300E+02  6.3552E-06  3.2394E-01  6.7605E-01
  1.2000E+04  2.0300E+02  6.3552E-06  3.2394E-01  6.7605E-01
  1.4900E+04  2.1485E+02  1.9933E-05  3.2394E-01  6.7604E-01
  1.8200E+04  2.2600E+02  8.3036E-05  3.2394E-01  6.7598E-01
  1.8600E+04  2.2736E+02  9.1559E-05  3.2394E-01  6.7597E-01
  2.2300E+04  2.3765E+02  2.5525E-04  3.2394E-01  6.7581E-01
  2.6000E+04  2.4608E+02  5.0577E-04  3.2394E-01  6.7556E-01
  2.9700E+04  2.5298E+02  8.4868E-04  3.2394E-01  6.7521E-01
  3.3400E+04  2.5865E+02  1.2497E-03  3.2394E-01  6.7481E-01
  3.7200E+04  2.6339E+02  1.6963E-03  3.2394E-01  6.7436E-01
  4.0500E+04  2.6700E+02  2.2295E-03  3.2394E-01  6.7383E-01
  4.0900E+04  2.6742E+02  2.3007E-03  3.2394E-01  6.7376E-01
  4.4600E+04  2.7090E+02  3.0417E-03  3.2394E-01  6.7302E-01
  4.8300E+04  2.7395E+02  3.7263E-03  3.2394E-01  6.7233E-01
  5.2000E+04  2.7669E+02  4.3679E-03  3.2394E-01  6.7169E-01
  5.3900E+04  2.7796E+02  4.7353E-03  3.2394E-01  6.7133E-01
  5.5700E+04  2.7917E+02  5.1037E-03  3.2394E-01  6.7096E-01
  5.7100E+04  2.8000E+02  5.3534E-03  3.2394E-01  6.7071E-01
  5.7600E+04  2.8033E+02  5.4500E-03  3.2394E-01  6.7061E-01
  5.9500E+04  2.8144E+02  5.8000E-03  3.2394E-01  6.7026E-01
  6.1300E+04  2.8251E+02  6.2547E-03  3.2394E-01  6.6981E-01
  6.3200E+04  2.8354E+02  6.9289E-03  3.2394E-01  6.6913E-01
  6.5000E+04  2.8453E+02  7.8428E-03  3.2394E-01  6.6822E-01
  6.6900E+04  2.8548E+02  8.8738E-03  3.2394E-01  6.6719E-01
  6.8800E+04  2.8641E+02  9.8513E-03  3.2394E-01  6.6621E-01
  7.0600E+04  2.8730E+02  1.0642E-02  3.2394E-01  6.6542E-01
  7.2500E+04  2.8816E+02  1.0946E-02  3.2394E-01  6.6511E-01
  7.4300E+04  2.8900E+02  1.1170E-02  3.2394E-01  6.6489E-01
