./cloud_1_1_1/CO2_2.2/inputs/GAM.atm
Created with write_smart_atm.m on 23-Jan-2014

      45 levels
       3 absorbing gases
   28.25 average molecular mass
    mass mixing ratios

     p(Pa)        T(K)        1(H2O)      2(CO2)      22(N2)
  5.1207E+00  2.0300E+02  7.9546E-06  1.8719E-02  9.8127E-01
  1.5400E+01  2.0300E+02  7.9546E-06  1.8719E-02  9.8127E-01
  2.0500E+01  2.0300E+02  7.9546E-06  1.8719E-02  9.8127E-01
  2.5600E+01  2.0300E+02  7.9546E-06  1.8719E-02  9.8127E-01
  3.5800E+01  2.0300E+02  7.9546E-06  1.8719E-02  9.8127E-01
  5.1200E+01  2.0300E+02  7.9546E-06  1.8719E-02  9.8127E-01
  1.0200E+02  2.0300E+02  7.9546E-06  1.8719E-02  9.8127E-01
  1.5400E+02  2.0300E+02  7.9546E-06  1.8719E-02  9.8127E-01
  2.0500E+02  2.0300E+02  7.9546E-06  1.8719E-02  9.8127E-01
  2.5600E+02  2.0300E+02  7.9546E-06  1.8719E-02  9.8127E-01
  3.5800E+02  2.0300E+02  7.9546E-06  1.8719E-02  9.8127E-01
  5.1200E+02  2.0300E+02  7.9546E-06  1.8719E-02  9.8127E-01
  1.0200E+03  2.0300E+02  7.9546E-06  1.8719E-02  9.8127E-01
  1.5400E+03  2.0300E+02  7.9546E-06  1.8719E-02  9.8127E-01
  2.0500E+03  2.0300E+02  7.9546E-06  1.8719E-02  9.8127E-01
  2.5600E+03  2.0300E+02  7.9546E-06  1.8719E-02  9.8127E-01
  3.5800E+03  2.0300E+02  7.9546E-06  1.8719E-02  9.8127E-01
  5.1200E+03  2.0300E+02  7.9546E-06  1.8719E-02  9.8127E-01
  7.6800E+03  2.0300E+02  7.9546E-06  1.8719E-02  9.8127E-01
  7.7100E+03  2.0300E+02  7.9546E-06  1.8719E-02  9.8127E-01
  1.0200E+04  2.2029E+02  6.6011E-05  1.8719E-02  9.8122E-01
  1.1300E+04  2.2600E+02  1.6374E-04  1.8719E-02  9.8112E-01
  1.2800E+04  2.3397E+02  3.2155E-04  1.8719E-02  9.8096E-01
  1.5400E+04  2.4437E+02  8.5145E-04  1.8719E-02  9.8043E-01
  1.7900E+04  2.5219E+02  1.5186E-03  1.8719E-02  9.7976E-01
  2.0500E+04  2.5821E+02  2.2797E-03  1.8719E-02  9.7900E-01
  2.3000E+04  2.6302E+02  3.0466E-03  1.8719E-02  9.7823E-01
  2.5600E+04  2.6700E+02  3.8238E-03  1.8719E-02  9.7746E-01
  2.8200E+04  2.7036E+02  4.8642E-03  1.8719E-02  9.7642E-01
  3.0700E+04  2.7329E+02  6.1060E-03  1.8719E-02  9.7518E-01
  3.3300E+04  2.7589E+02  7.0555E-03  1.8719E-02  9.7423E-01
  3.5800E+04  2.7824E+02  8.0277E-03  1.8719E-02  9.7325E-01
  3.7100E+04  2.7933E+02  8.5944E-03  1.8719E-02  9.7269E-01
  3.7900E+04  2.8000E+02  8.9550E-03  1.8719E-02  9.7233E-01
  3.8400E+04  2.8038E+02  9.1561E-03  1.8719E-02  9.7213E-01
  3.9700E+04  2.8139E+02  9.6681E-03  1.8719E-02  9.7161E-01
  4.1000E+04  2.8236E+02  1.0183E-02  1.8719E-02  9.7110E-01
  4.2200E+04  2.8329E+02  1.0876E-02  1.8719E-02  9.7041E-01
  4.3500E+04  2.8419E+02  1.1940E-02  1.8719E-02  9.6934E-01
  4.4800E+04  2.8506E+02  1.3405E-02  1.8719E-02  9.6788E-01
  4.6100E+04  2.8590E+02  1.5054E-02  1.8719E-02  9.6623E-01
  4.7400E+04  2.8671E+02  1.6594E-02  1.8719E-02  9.6469E-01
  4.8600E+04  2.8750E+02  1.7806E-02  1.8719E-02  9.6348E-01
  4.9900E+04  2.8826E+02  1.8196E-02  1.8719E-02  9.6309E-01
  5.1200E+04  2.8900E+02  1.8453E-02  1.8719E-02  9.6283E-01
