./cloud_1_1_1/CO2_5/inputs/GAM.atm
Created with write_smart_atm.m on 23-Jan-2014

      46 levels
       3 absorbing gases
   28.06 average molecular mass
    mass mixing ratios

     p(Pa)        T(K)        1(H2O)      2(CO2)      22(N2)
  5.0250E+00  2.0300E+02  7.8788E-06  3.0232E-05  9.9996E-01
  1.5100E+01  2.0300E+02  7.8788E-06  3.0232E-05  9.9996E-01
  2.0100E+01  2.0300E+02  7.8788E-06  3.0232E-05  9.9996E-01
  2.5100E+01  2.0300E+02  7.8788E-06  3.0232E-05  9.9996E-01
  3.5200E+01  2.0300E+02  7.8788E-06  3.0232E-05  9.9996E-01
  5.0300E+01  2.0300E+02  7.8788E-06  3.0232E-05  9.9996E-01
  1.0100E+02  2.0300E+02  7.8788E-06  3.0232E-05  9.9996E-01
  1.5100E+02  2.0300E+02  7.8788E-06  3.0232E-05  9.9996E-01
  2.0100E+02  2.0300E+02  7.8788E-06  3.0232E-05  9.9996E-01
  2.5100E+02  2.0300E+02  7.8788E-06  3.0232E-05  9.9996E-01
  3.5200E+02  2.0300E+02  7.8788E-06  3.0232E-05  9.9996E-01
  5.0300E+02  2.0300E+02  7.8788E-06  3.0232E-05  9.9996E-01
  1.0100E+03  2.0300E+02  7.8788E-06  3.0232E-05  9.9996E-01
  1.5100E+03  2.0300E+02  7.8788E-06  3.0232E-05  9.9996E-01
  2.0100E+03  2.0300E+02  7.8788E-06  3.0232E-05  9.9996E-01
  2.5100E+03  2.0300E+02  7.8788E-06  3.0232E-05  9.9996E-01
  3.5200E+03  2.0300E+02  7.8788E-06  3.0232E-05  9.9996E-01
  5.0300E+03  2.0300E+02  7.8788E-06  3.0232E-05  9.9996E-01
  7.5300E+03  2.0300E+02  7.8788E-06  3.0232E-05  9.9996E-01
  7.5400E+03  2.0311E+02  7.9171E-06  3.0232E-05  9.9996E-01
  1.0100E+04  2.2072E+02  7.1475E-05  3.0232E-05  9.9990E-01
  1.1000E+04  2.2600E+02  1.6832E-04  3.0232E-05  9.9980E-01
  1.2600E+04  2.3443E+02  3.4756E-04  3.0232E-05  9.9962E-01
  1.5100E+04  2.4479E+02  9.1237E-04  3.0232E-05  9.9906E-01
  1.7600E+04  2.5254E+02  1.6118E-03  3.0232E-05  9.9836E-01
  2.0100E+04  2.5849E+02  2.4011E-03  3.0232E-05  9.9757E-01
  2.2600E+04  2.6324E+02  3.1903E-03  3.0232E-05  9.9678E-01
  2.5000E+04  2.6700E+02  3.9455E-03  3.0232E-05  9.9602E-01
  2.5100E+04  2.6717E+02  3.9838E-03  3.0232E-05  9.9599E-01
  2.7600E+04  2.7051E+02  5.0550E-03  3.0232E-05  9.9491E-01
  3.0200E+04  2.7340E+02  6.3231E-03  3.0232E-05  9.9365E-01
  3.2700E+04  2.7598E+02  7.2914E-03  3.0232E-05  9.9268E-01
  3.5200E+04  2.7831E+02  8.2863E-03  3.0232E-05  9.9168E-01
  3.6400E+04  2.7940E+02  8.8652E-03  3.0232E-05  9.9110E-01
  3.7200E+04  2.8000E+02  9.1993E-03  3.0232E-05  9.9077E-01
  3.7700E+04  2.8044E+02  9.4389E-03  3.0232E-05  9.9053E-01
  3.8900E+04  2.8144E+02  9.9613E-03  3.0232E-05  9.9001E-01
  4.0200E+04  2.8240E+02  1.0487E-02  3.0232E-05  9.8948E-01
  4.1500E+04  2.8333E+02  1.1195E-02  3.0232E-05  9.8877E-01
  4.2700E+04  2.8422E+02  1.2285E-02  3.0232E-05  9.8768E-01
  4.4000E+04  2.8508E+02  1.3785E-02  3.0232E-05  9.8618E-01
  4.5200E+04  2.8592E+02  1.5476E-02  3.0232E-05  9.8449E-01
  4.6500E+04  2.8672E+02  1.7053E-02  3.0232E-05  9.8292E-01
  4.7700E+04  2.8751E+02  1.8292E-02  3.0232E-05  9.8168E-01
  4.9000E+04  2.8826E+02  1.8688E-02  3.0232E-05  9.8128E-01
  5.0300E+04  2.8900E+02  1.8946E-02  3.0232E-05  9.8102E-01
