./cloud_1_1_1/CO2_0.4/inputs/GAM.atm
Created with write_smart_atm.m on 23-Jan-2014

      46 levels
       3 absorbing gases
   34.98 average molecular mass
    mass mixing ratios

     p(Pa)        T(K)        1(H2O)      2(CO2)      22(N2)
  1.1100E+01  2.0300E+02  3.6146E-06  5.4619E-01  4.5380E-01
  3.3200E+01  2.0300E+02  3.6146E-06  5.4619E-01  4.5380E-01
  4.4300E+01  2.0300E+02  3.6146E-06  5.4619E-01  4.5380E-01
  5.5400E+01  2.0300E+02  3.6146E-06  5.4619E-01  4.5380E-01
  7.7500E+01  2.0300E+02  3.6146E-06  5.4619E-01  4.5380E-01
  1.1100E+02  2.0300E+02  3.6146E-06  5.4619E-01  4.5380E-01
  2.2100E+02  2.0300E+02  3.6146E-06  5.4619E-01  4.5380E-01
  3.3200E+02  2.0300E+02  3.6146E-06  5.4619E-01  4.5380E-01
  4.4300E+02  2.0300E+02  3.6146E-06  5.4619E-01  4.5380E-01
  5.5400E+02  2.0300E+02  3.6146E-06  5.4619E-01  4.5380E-01
  7.7500E+02  2.0300E+02  3.6146E-06  5.4619E-01  4.5380E-01
  1.1100E+03  2.0300E+02  3.6146E-06  5.4619E-01  4.5380E-01
  2.2100E+03  2.0300E+02  3.6146E-06  5.4619E-01  4.5380E-01
  3.3200E+03  2.0300E+02  3.6146E-06  5.4619E-01  4.5380E-01
  4.4300E+03  2.0300E+02  3.6146E-06  5.4619E-01  4.5380E-01
  5.5400E+03  2.0300E+02  3.6146E-06  5.4619E-01  4.5380E-01
  7.7500E+03  2.0300E+02  3.6146E-06  5.4619E-01  4.5380E-01
  1.1100E+04  2.0300E+02  3.6146E-06  5.4619E-01  4.5380E-01
  1.6600E+04  2.0300E+02  3.6146E-06  5.4619E-01  4.5380E-01
  1.8300E+04  2.0300E+02  3.6146E-06  5.4619E-01  4.5380E-01
  2.2100E+04  2.1278E+02  9.2059E-06  5.4619E-01  4.5380E-01
  2.7700E+04  2.2417E+02  3.8019E-05  5.4619E-01  4.5377E-01
  2.8700E+04  2.2600E+02  5.0370E-05  5.4619E-01  4.5376E-01
  3.3200E+04  2.3375E+02  1.0111E-04  5.4619E-01  4.5370E-01
  3.8800E+04  2.4192E+02  2.0038E-04  5.4619E-01  4.5361E-01
  4.4300E+04  2.4890E+02  3.4708E-04  5.4619E-01  4.5346E-01
  4.9800E+04  2.5490E+02  5.3578E-04  5.4619E-01  4.5327E-01
  5.5400E+04  2.6008E+02  7.6548E-04  5.4619E-01  4.5304E-01
  6.0900E+04  2.6457E+02  1.0904E-03  5.4619E-01  4.5272E-01
  6.4300E+04  2.6700E+02  1.3460E-03  5.4619E-01  4.5246E-01
  6.6400E+04  2.6850E+02  1.5069E-03  5.4619E-01  4.5230E-01
  7.2000E+04  2.7197E+02  1.9334E-03  5.4619E-01  4.5187E-01
  7.7500E+04  2.7508E+02  2.3606E-03  5.4619E-01  4.5144E-01
  8.0300E+04  2.7652E+02  2.5941E-03  5.4619E-01  4.5121E-01
  8.3000E+04  2.7789E+02  2.8306E-03  5.4619E-01  4.5097E-01
  8.5800E+04  2.7921E+02  3.0558E-03  5.4619E-01  4.5075E-01
  8.7600E+04  2.8000E+02  3.1979E-03  5.4619E-01  4.5061E-01
  8.8600E+04  2.8047E+02  3.2874E-03  5.4619E-01  4.5052E-01
  9.1400E+04  2.8168E+02  3.5807E-03  5.4619E-01  4.5022E-01
  9.4100E+04  2.8284E+02  4.0036E-03  5.4619E-01  4.4980E-01
  9.6900E+04  2.8396E+02  4.5714E-03  5.4619E-01  4.4923E-01
  9.9700E+04  2.8504E+02  5.2149E-03  5.4619E-01  4.4859E-01
  1.0200E+05  2.8608E+02  5.8349E-03  5.4619E-01  4.4797E-01
  1.0500E+05  2.8708E+02  6.3509E-03  5.4619E-01  4.4745E-01
  1.0800E+05  2.8806E+02  6.5800E-03  5.4619E-01  4.4723E-01
  1.1100E+05  2.8900E+02  6.7583E-03  5.4619E-01  4.4705E-01
