./cloud_1_1_1/CO2_1.2/inputs/GAM.atm
Created with write_smart_atm.m on 21-Jan-2014

      46 levels
       3 absorbing gases
   28.95 average molecular mass
    mass mixing ratios

     p(Pa)        T(K)        1(H2O)      2(CO2)      22(N2)
  1.1000E+01  2.0300E+02  3.6857E-06  8.7270E-02  9.1273E-01
  3.3000E+01  2.0300E+02  3.6857E-06  8.7270E-02  9.1273E-01
  4.3900E+01  2.0300E+02  3.6857E-06  8.7270E-02  9.1273E-01
  5.4900E+01  2.0300E+02  3.6857E-06  8.7270E-02  9.1273E-01
  7.6900E+01  2.0300E+02  3.6857E-06  8.7270E-02  9.1273E-01
  1.1000E+02  2.0300E+02  3.6857E-06  8.7270E-02  9.1273E-01
  2.2000E+02  2.0300E+02  3.6857E-06  8.7270E-02  9.1273E-01
  3.3000E+02  2.0300E+02  3.6857E-06  8.7270E-02  9.1273E-01
  4.3900E+02  2.0300E+02  3.6857E-06  8.7270E-02  9.1273E-01
  5.4900E+02  2.0300E+02  3.6857E-06  8.7270E-02  9.1273E-01
  7.6900E+02  2.0300E+02  3.6857E-06  8.7270E-02  9.1273E-01
  1.1000E+03  2.0300E+02  3.6857E-06  8.7270E-02  9.1273E-01
  2.2000E+03  2.0300E+02  3.6857E-06  8.7270E-02  9.1273E-01
  3.3000E+03  2.0300E+02  3.6857E-06  8.7270E-02  9.1273E-01
  4.3900E+03  2.0300E+02  3.6857E-06  8.7270E-02  9.1273E-01
  5.4900E+03  2.0300E+02  3.6857E-06  8.7270E-02  9.1273E-01
  7.6900E+03  2.0300E+02  3.6857E-06  8.7270E-02  9.1273E-01
  1.1000E+04  2.0300E+02  3.6857E-06  8.7270E-02  9.1273E-01
  1.6500E+04  2.0300E+02  3.6857E-06  8.7270E-02  9.1273E-01
  2.2000E+04  2.0300E+02  3.6857E-06  8.7270E-02  9.1273E-01
  2.3300E+04  2.0300E+02  3.6857E-06  8.7270E-02  9.1273E-01
  2.7500E+04  2.1295E+02  1.0924E-05  8.7270E-02  9.1272E-01
  3.3000E+04  2.2420E+02  4.0128E-05  8.7270E-02  9.1269E-01
  3.4000E+04  2.2600E+02  5.2288E-05  8.7270E-02  9.1268E-01
  3.8400E+04  2.3397E+02  1.0286E-04  8.7270E-02  9.1263E-01
  4.3900E+04  2.4246E+02  2.1900E-04  8.7270E-02  9.1251E-01
  4.9400E+04  2.4979E+02  3.9774E-04  8.7270E-02  9.1233E-01
  5.4900E+04  2.5608E+02  6.4381E-04  8.7270E-02  9.1209E-01
  6.0400E+04  2.6147E+02  1.0075E-03  8.7270E-02  9.1172E-01
  6.5900E+04  2.6611E+02  1.4935E-03  8.7270E-02  9.1124E-01
  6.7100E+04  2.6700E+02  1.6108E-03  8.7270E-02  9.1112E-01
  7.1400E+04  2.7015E+02  2.0197E-03  8.7270E-02  9.1071E-01
  7.6900E+04  2.7369E+02  2.6012E-03  8.7270E-02  9.1013E-01
  7.9600E+04  2.7531E+02  2.8975E-03  8.7270E-02  9.0983E-01
  8.2400E+04  2.7685E+02  3.2024E-03  8.7270E-02  9.0953E-01
  8.5100E+04  2.7831E+02  3.4967E-03  8.7270E-02  9.0923E-01
  8.7900E+04  2.7971E+02  3.7994E-03  8.7270E-02  9.0893E-01
  8.8500E+04  2.8000E+02  3.8719E-03  8.7270E-02  9.0886E-01
  9.0600E+04  2.8104E+02  4.1744E-03  8.7270E-02  9.0856E-01
  9.3400E+04  2.8232E+02  4.7065E-03  8.7270E-02  9.0802E-01
  9.6100E+04  2.8354E+02  5.4153E-03  8.7270E-02  9.0731E-01
  9.8900E+04  2.8472E+02  6.2201E-03  8.7270E-02  9.0651E-01
  1.0200E+05  2.8585E+02  7.0019E-03  8.7270E-02  9.0573E-01
  1.0400E+05  2.8694E+02  7.6632E-03  8.7270E-02  9.0507E-01
  1.0700E+05  2.8799E+02  7.9795E-03  8.7270E-02  9.0475E-01
  1.1000E+05  2.8900E+02  8.2335E-03  8.7270E-02  9.0450E-01
