./cloud_1_1_1/CO2_9/inputs/GAM.atm
Created with write_smart_atm.m on 23-Jan-2014

      46 levels
       3 absorbing gases
   28.05 average molecular mass
    mass mixing ratios

     p(Pa)        T(K)        1(H2O)      2(CO2)      22(N2)
  5.0249E+00  2.0300E+02  7.8796E-06  3.0233E-09  9.9999E-01
  1.5100E+01  2.0300E+02  7.8796E-06  3.0233E-09  9.9999E-01
  2.0100E+01  2.0300E+02  7.8796E-06  3.0233E-09  9.9999E-01
  2.5100E+01  2.0300E+02  7.8796E-06  3.0233E-09  9.9999E-01
  3.5200E+01  2.0300E+02  7.8796E-06  3.0233E-09  9.9999E-01
  5.0200E+01  2.0300E+02  7.8796E-06  3.0233E-09  9.9999E-01
  1.0000E+02  2.0300E+02  7.8796E-06  3.0233E-09  9.9999E-01
  1.5100E+02  2.0300E+02  7.8796E-06  3.0233E-09  9.9999E-01
  2.0100E+02  2.0300E+02  7.8796E-06  3.0233E-09  9.9999E-01
  2.5100E+02  2.0300E+02  7.8796E-06  3.0233E-09  9.9999E-01
  3.5200E+02  2.0300E+02  7.8796E-06  3.0233E-09  9.9999E-01
  5.0200E+02  2.0300E+02  7.8796E-06  3.0233E-09  9.9999E-01
  1.0000E+03  2.0300E+02  7.8796E-06  3.0233E-09  9.9999E-01
  1.5100E+03  2.0300E+02  7.8796E-06  3.0233E-09  9.9999E-01
  2.0100E+03  2.0300E+02  7.8796E-06  3.0233E-09  9.9999E-01
  2.5100E+03  2.0300E+02  7.8796E-06  3.0233E-09  9.9999E-01
  3.5200E+03  2.0300E+02  7.8796E-06  3.0233E-09  9.9999E-01
  5.0200E+03  2.0300E+02  7.8796E-06  3.0233E-09  9.9999E-01
  7.5200E+03  2.0300E+02  7.8796E-06  3.0233E-09  9.9999E-01
  7.5400E+03  2.0311E+02  7.9180E-06  3.0233E-09  9.9999E-01
  1.0000E+04  2.2072E+02  7.1484E-05  3.0233E-09  9.9993E-01
  1.1000E+04  2.2600E+02  1.6833E-04  3.0233E-09  9.9983E-01
  1.2600E+04  2.3443E+02  3.4760E-04  3.0233E-09  9.9965E-01
  1.5100E+04  2.4479E+02  9.1247E-04  3.0233E-09  9.9909E-01
  1.7600E+04  2.5254E+02  1.6120E-03  3.0233E-09  9.9839E-01
  2.0100E+04  2.5849E+02  2.4013E-03  3.0233E-09  9.9760E-01
  2.2600E+04  2.6324E+02  3.1905E-03  3.0233E-09  9.9681E-01
  2.5000E+04  2.6700E+02  3.9457E-03  3.0233E-09  9.9605E-01
  2.5100E+04  2.6717E+02  3.9841E-03  3.0233E-09  9.9602E-01
  2.7600E+04  2.7051E+02  5.0553E-03  3.0233E-09  9.9494E-01
  3.0100E+04  2.7340E+02  6.3235E-03  3.0233E-09  9.9368E-01
  3.2700E+04  2.7598E+02  7.2918E-03  3.0233E-09  9.9271E-01
  3.5200E+04  2.7831E+02  8.2867E-03  3.0233E-09  9.9171E-01
  3.6400E+04  2.7940E+02  8.8656E-03  3.0233E-09  9.9113E-01
  3.7200E+04  2.8000E+02  9.1997E-03  3.0233E-09  9.9080E-01
  3.7700E+04  2.8044E+02  9.4394E-03  3.0233E-09  9.9056E-01
  3.8900E+04  2.8144E+02  9.9618E-03  3.0233E-09  9.9004E-01
  4.0200E+04  2.8240E+02  1.0487E-02  3.0233E-09  9.8951E-01
  4.1500E+04  2.8333E+02  1.1196E-02  3.0233E-09  9.8880E-01
  4.2700E+04  2.8422E+02  1.2286E-02  3.0233E-09  9.8771E-01
  4.4000E+04  2.8508E+02  1.3786E-02  3.0233E-09  9.8621E-01
  4.5200E+04  2.8592E+02  1.5477E-02  3.0233E-09  9.8452E-01
  4.6500E+04  2.8672E+02  1.7054E-02  3.0233E-09  9.8295E-01
  4.7700E+04  2.8751E+02  1.8293E-02  3.0233E-09  9.8171E-01
  4.9000E+04  2.8826E+02  1.8689E-02  3.0233E-09  9.8131E-01
  5.0200E+04  2.8900E+02  1.8947E-02  3.0233E-09  9.8105E-01
