./cloud_1_1_1/CO2_0/inputs/GAM.atm
Created with write_smart_atm.m on 23-Jan-2014

      46 levels
       3 absorbing gases
   38.56 average molecular mass
    mass mixing ratios

     p(Pa)        T(K)        1(H2O)      2(CO2)      22(N2)
  2.0200E+01  2.0300E+02  1.6815E-06  7.5145E-01  2.4855E-01
  6.0600E+01  2.0300E+02  1.6815E-06  7.5145E-01  2.4855E-01
  8.0900E+01  2.0300E+02  1.6815E-06  7.5145E-01  2.4855E-01
  1.0100E+02  2.0300E+02  1.6815E-06  7.5145E-01  2.4855E-01
  1.4200E+02  2.0300E+02  1.6815E-06  7.5145E-01  2.4855E-01
  2.0200E+02  2.0300E+02  1.6815E-06  7.5145E-01  2.4855E-01
  4.0400E+02  2.0300E+02  1.6815E-06  7.5145E-01  2.4855E-01
  6.0600E+02  2.0300E+02  1.6815E-06  7.5145E-01  2.4855E-01
  8.0900E+02  2.0300E+02  1.6815E-06  7.5145E-01  2.4855E-01
  1.0100E+03  2.0300E+02  1.6815E-06  7.5145E-01  2.4855E-01
  1.4200E+03  2.0300E+02  1.6815E-06  7.5145E-01  2.4855E-01
  2.0200E+03  2.0300E+02  1.6815E-06  7.5145E-01  2.4855E-01
  4.0400E+03  2.0300E+02  1.6815E-06  7.5145E-01  2.4855E-01
  6.0600E+03  2.0300E+02  1.6815E-06  7.5145E-01  2.4855E-01
  8.0900E+03  2.0300E+02  1.6815E-06  7.5145E-01  2.4855E-01
  1.0100E+04  2.0300E+02  1.6815E-06  7.5145E-01  2.4855E-01
  1.4200E+04  2.0300E+02  1.6815E-06  7.5145E-01  2.4855E-01
  2.0200E+04  2.0300E+02  1.6815E-06  7.5145E-01  2.4855E-01
  3.0300E+04  2.0300E+02  1.6815E-06  7.5145E-01  2.4855E-01
  3.3000E+04  2.0300E+02  1.6815E-06  7.5145E-01  2.4855E-01
  4.0400E+04  2.1231E+02  4.2909E-06  7.5145E-01  2.4855E-01
  5.0500E+04  2.2266E+02  1.5688E-05  7.5145E-01  2.4854E-01
  5.4400E+04  2.2600E+02  2.4680E-05  7.5145E-01  2.4853E-01
  6.0600E+04  2.3143E+02  3.8592E-05  7.5145E-01  2.4852E-01
  7.0800E+04  2.3903E+02  7.3233E-05  7.5145E-01  2.4848E-01
  8.0900E+04  2.4571E+02  1.2489E-04  7.5145E-01  2.4843E-01
  9.1000E+04  2.5161E+02  1.9391E-04  7.5145E-01  2.4836E-01
  1.0100E+05  2.5688E+02  2.8276E-04  7.5145E-01  2.4827E-01
  1.1100E+05  2.6159E+02  4.1477E-04  7.5145E-01  2.4814E-01
  1.2100E+05  2.6583E+02  5.9282E-04  7.5145E-01  2.4796E-01
  1.2400E+05  2.6700E+02  6.5342E-04  7.5145E-01  2.4790E-01
  1.3100E+05  2.6965E+02  7.8767E-04  7.5145E-01  2.4777E-01
  1.4200E+05  2.7312E+02  1.0136E-03  7.5145E-01  2.4754E-01
  1.4700E+05  2.7474E+02  1.1304E-03  7.5145E-01  2.4742E-01
  1.5200E+05  2.7629E+02  1.2502E-03  7.5145E-01  2.4730E-01
  1.5700E+05  2.7779E+02  1.3683E-03  7.5145E-01  2.4719E-01
  1.6200E+05  2.7922E+02  1.4899E-03  7.5145E-01  2.4706E-01
  1.6500E+05  2.8000E+02  1.5708E-03  7.5145E-01  2.4698E-01
  1.6700E+05  2.8060E+02  1.6431E-03  7.5145E-01  2.4691E-01
  1.7200E+05  2.8193E+02  1.8586E-03  7.5145E-01  2.4670E-01
  1.7700E+05  2.8321E+02  2.1458E-03  7.5145E-01  2.4641E-01
  1.8200E+05  2.8444E+02  2.4754E-03  7.5145E-01  2.4608E-01
  1.8700E+05  2.8564E+02  2.7985E-03  7.5145E-01  2.4576E-01
  1.9200E+05  2.8680E+02  3.0759E-03  7.5145E-01  2.4548E-01
  1.9700E+05  2.8792E+02  3.2166E-03  7.5145E-01  2.4534E-01
  2.0200E+05  2.8900E+02  3.3332E-03  7.5145E-01  2.4522E-01
