./cloud_1_1_1/CO2_1.4/inputs/GAM.atm
Created with write_smart_atm.m on 22-Jan-2014

      46 levels
       3 absorbing gases
   28.63 average molecular mass
    mass mixing ratios

     p(Pa)        T(K)        1(H2O)      2(CO2)      22(N2)
  1.0600E+01  2.0300E+02  3.9024E-06  5.6896E-02  9.4310E-01
  3.1900E+01  2.0300E+02  3.9024E-06  5.6896E-02  9.4310E-01
  4.2500E+01  2.0300E+02  3.9024E-06  5.6896E-02  9.4310E-01
  5.3100E+01  2.0300E+02  3.9024E-06  5.6896E-02  9.4310E-01
  7.4400E+01  2.0300E+02  3.9024E-06  5.6896E-02  9.4310E-01
  1.0600E+02  2.0300E+02  3.9024E-06  5.6896E-02  9.4310E-01
  2.1300E+02  2.0300E+02  3.9024E-06  5.6896E-02  9.4310E-01
  3.1900E+02  2.0300E+02  3.9024E-06  5.6896E-02  9.4310E-01
  4.2500E+02  2.0300E+02  3.9024E-06  5.6896E-02  9.4310E-01
  5.3100E+02  2.0300E+02  3.9024E-06  5.6896E-02  9.4310E-01
  7.4400E+02  2.0300E+02  3.9024E-06  5.6896E-02  9.4310E-01
  1.0600E+03  2.0300E+02  3.9024E-06  5.6896E-02  9.4310E-01
  2.1300E+03  2.0300E+02  3.9024E-06  5.6896E-02  9.4310E-01
  3.1900E+03  2.0300E+02  3.9024E-06  5.6896E-02  9.4310E-01
  4.2500E+03  2.0300E+02  3.9024E-06  5.6896E-02  9.4310E-01
  5.3100E+03  2.0300E+02  3.9024E-06  5.6896E-02  9.4310E-01
  7.4400E+03  2.0300E+02  3.9024E-06  5.6896E-02  9.4310E-01
  1.0600E+04  2.0300E+02  3.9024E-06  5.6896E-02  9.4310E-01
  1.5900E+04  2.0300E+02  3.9024E-06  5.6896E-02  9.4310E-01
  2.1300E+04  2.0300E+02  3.9024E-06  5.6896E-02  9.4310E-01
  2.2600E+04  2.0300E+02  3.9024E-06  5.6896E-02  9.4310E-01
  2.6600E+04  2.1287E+02  1.1285E-05  5.6896E-02  9.4309E-01
  3.1900E+04  2.2423E+02  4.2120E-05  5.6896E-02  9.4306E-01
  3.2800E+04  2.2600E+02  5.4726E-05  5.6896E-02  9.4305E-01
  3.7200E+04  2.3410E+02  1.0911E-04  5.6896E-02  9.4299E-01
  4.2500E+04  2.4266E+02  2.3370E-04  5.6896E-02  9.4287E-01
  4.7800E+04  2.5002E+02  4.2535E-04  5.6896E-02  9.4268E-01
  5.3100E+04  2.5631E+02  6.8806E-04  5.6896E-02  9.4242E-01
  5.8500E+04  2.6169E+02  1.0744E-03  5.6896E-02  9.4203E-01
  6.3800E+04  2.6631E+02  1.5882E-03  5.6896E-02  9.4152E-01
  6.4700E+04  2.6700E+02  1.6848E-03  5.6896E-02  9.4142E-01
  6.9100E+04  2.7032E+02  2.1415E-03  5.6896E-02  9.4096E-01
  7.4400E+04  2.7383E+02  2.7465E-03  5.6896E-02  9.4036E-01
  7.7100E+04  2.7543E+02  3.0567E-03  5.6896E-02  9.4005E-01
  7.9700E+04  2.7696E+02  3.3737E-03  5.6896E-02  9.3973E-01
  8.2400E+04  2.7841E+02  3.6811E-03  5.6896E-02  9.3942E-01
  8.5000E+04  2.7979E+02  3.9955E-03  5.6896E-02  9.3911E-01
  8.5500E+04  2.8000E+02  4.0489E-03  5.6896E-02  9.3905E-01
  8.7700E+04  2.8112E+02  4.3856E-03  5.6896E-02  9.3872E-01
  9.0400E+04  2.8238E+02  4.9415E-03  5.6896E-02  9.3816E-01
  9.3000E+04  2.8359E+02  5.6811E-03  5.6896E-02  9.3742E-01
  9.5700E+04  2.8476E+02  6.5203E-03  5.6896E-02  9.3658E-01
  9.8300E+04  2.8588E+02  7.3348E-03  5.6896E-02  9.3577E-01
  1.0100E+05  2.8696E+02  8.0222E-03  5.6896E-02  9.3508E-01
  1.0400E+05  2.8800E+02  8.3483E-03  5.6896E-02  9.3476E-01
  1.0600E+05  2.8900E+02  8.6092E-03  5.6896E-02  9.3449E-01
