./cloud_1_1_1/CO2_0.6/inputs/GAM.atm
Created with write_smart_atm.m on 23-Jan-2014

      46 levels
       3 absorbing gases
   29.75 average molecular mass
    mass mixing ratios

     p(Pa)        T(K)        1(H2O)      2(CO2)      22(N2)
  2.3800E+01  2.0300E+02  1.3361E-06  1.6006E-01  8.3994E-01
  7.1500E+01  2.0300E+02  1.3361E-06  1.6006E-01  8.3994E-01
  9.5400E+01  2.0300E+02  1.3361E-06  1.6006E-01  8.3994E-01
  1.1900E+02  2.0300E+02  1.3361E-06  1.6006E-01  8.3994E-01
  1.6700E+02  2.0300E+02  1.3361E-06  1.6006E-01  8.3994E-01
  2.3800E+02  2.0300E+02  1.3361E-06  1.6006E-01  8.3994E-01
  4.7700E+02  2.0300E+02  1.3361E-06  1.6006E-01  8.3994E-01
  7.1500E+02  2.0300E+02  1.3361E-06  1.6006E-01  8.3994E-01
  9.5400E+02  2.0300E+02  1.3361E-06  1.6006E-01  8.3994E-01
  1.1900E+03  2.0300E+02  1.3361E-06  1.6006E-01  8.3994E-01
  1.6700E+03  2.0300E+02  1.3361E-06  1.6006E-01  8.3994E-01
  2.3800E+03  2.0300E+02  1.3361E-06  1.6006E-01  8.3994E-01
  4.7700E+03  2.0300E+02  1.3361E-06  1.6006E-01  8.3994E-01
  7.1500E+03  2.0300E+02  1.3361E-06  1.6006E-01  8.3994E-01
  9.5400E+03  2.0300E+02  1.3361E-06  1.6006E-01  8.3994E-01
  1.1900E+04  2.0300E+02  1.3361E-06  1.6006E-01  8.3994E-01
  1.6700E+04  2.0300E+02  1.3361E-06  1.6006E-01  8.3994E-01
  2.3800E+04  2.0300E+02  1.3361E-06  1.6006E-01  8.3994E-01
  3.5800E+04  2.0300E+02  1.3361E-06  1.6006E-01  8.3994E-01
  4.7700E+04  2.0300E+02  1.3361E-06  1.6006E-01  8.3994E-01
  5.7900E+04  2.0300E+02  1.3361E-06  1.6006E-01  8.3994E-01
  5.9600E+04  2.0473E+02  1.5379E-06  1.6006E-01  8.3994E-01
  7.1500E+04  2.1535E+02  5.8314E-06  1.6006E-01  8.3993E-01
  8.3400E+04  2.2473E+02  1.5636E-05  1.6006E-01  8.3992E-01
  8.5300E+04  2.2600E+02  1.8701E-05  1.6006E-01  8.3992E-01
  9.5400E+04  2.3312E+02  3.5498E-05  1.6006E-01  8.3990E-01
  1.0700E+05  2.4069E+02  7.0180E-05  1.6006E-01  8.3987E-01
  1.1900E+05  2.4753E+02  1.2574E-04  1.6006E-01  8.3981E-01
  1.3100E+05  2.5373E+02  2.1982E-04  1.6006E-01  8.3972E-01
  1.4300E+05  2.5933E+02  3.6457E-04  1.6006E-01  8.3958E-01
  1.5500E+05  2.6439E+02  5.4896E-04  1.6006E-01  8.3939E-01
  1.6200E+05  2.6700E+02  6.7952E-04  1.6006E-01  8.3926E-01
  1.6700E+05  2.6895E+02  7.8423E-04  1.6006E-01  8.3916E-01
  1.7300E+05  2.7106E+02  9.2886E-04  1.6006E-01  8.3901E-01
  1.7900E+05  2.7307E+02  1.0869E-03  1.6006E-01  8.3885E-01
  1.8500E+05  2.7498E+02  1.2306E-03  1.6006E-01  8.3871E-01
  1.9100E+05  2.7681E+02  1.3817E-03  1.6006E-01  8.3856E-01
  1.9700E+05  2.7856E+02  1.5663E-03  1.6006E-01  8.3837E-01
  2.0200E+05  2.8000E+02  1.7772E-03  1.6006E-01  8.3816E-01
  2.0300E+05  2.8023E+02  1.8169E-03  1.6006E-01  8.3812E-01
  2.0900E+05  2.8184E+02  2.1483E-03  1.6006E-01  8.3779E-01
  2.1500E+05  2.8339E+02  2.5312E-03  1.6006E-01  8.3741E-01
  2.2100E+05  2.8487E+02  2.9187E-03  1.6006E-01  8.3702E-01
  2.2600E+05  2.8630E+02  3.2669E-03  1.6006E-01  8.3667E-01
  2.3200E+05  2.8767E+02  3.4757E-03  1.6006E-01  8.3646E-01
  2.3800E+05  2.8900E+02  3.6580E-03  1.6006E-01  8.3628E-01
