./cloud_1_1_1/CO2_3.6/inputs/GAM.atm
Created with write_smart_atm.m on 23-Jan-2014

      46 levels
       3 absorbing gases
   28.06 average molecular mass
    mass mixing ratios

     p(Pa)        T(K)        1(H2O)      2(CO2)      22(N2)
  5.0287E+00  2.0300E+02  7.8609E-06  7.5884E-04  9.9923E-01
  1.5100E+01  2.0300E+02  7.8609E-06  7.5884E-04  9.9923E-01
  2.0100E+01  2.0300E+02  7.8609E-06  7.5884E-04  9.9923E-01
  2.5100E+01  2.0300E+02  7.8609E-06  7.5884E-04  9.9923E-01
  3.5200E+01  2.0300E+02  7.8609E-06  7.5884E-04  9.9923E-01
  5.0300E+01  2.0300E+02  7.8609E-06  7.5884E-04  9.9923E-01
  1.0100E+02  2.0300E+02  7.8609E-06  7.5884E-04  9.9923E-01
  1.5100E+02  2.0300E+02  7.8609E-06  7.5884E-04  9.9923E-01
  2.0100E+02  2.0300E+02  7.8609E-06  7.5884E-04  9.9923E-01
  2.5100E+02  2.0300E+02  7.8609E-06  7.5884E-04  9.9923E-01
  3.5200E+02  2.0300E+02  7.8609E-06  7.5884E-04  9.9923E-01
  5.0300E+02  2.0300E+02  7.8609E-06  7.5884E-04  9.9923E-01
  1.0100E+03  2.0300E+02  7.8609E-06  7.5884E-04  9.9923E-01
  1.5100E+03  2.0300E+02  7.8609E-06  7.5884E-04  9.9923E-01
  2.0100E+03  2.0300E+02  7.8609E-06  7.5884E-04  9.9923E-01
  2.5100E+03  2.0300E+02  7.8609E-06  7.5884E-04  9.9923E-01
  3.5200E+03  2.0300E+02  7.8609E-06  7.5884E-04  9.9923E-01
  5.0300E+03  2.0300E+02  7.8609E-06  7.5884E-04  9.9923E-01
  7.5300E+03  2.0300E+02  7.8609E-06  7.5884E-04  9.9923E-01
  7.5400E+03  2.0310E+02  7.8951E-06  7.5884E-04  9.9923E-01
  1.0100E+04  2.2070E+02  7.1252E-05  7.5884E-04  9.9917E-01
  1.1000E+04  2.2600E+02  1.6815E-04  7.5884E-04  9.9907E-01
  1.2600E+04  2.3442E+02  3.4650E-04  7.5884E-04  9.9889E-01
  1.5100E+04  2.4477E+02  9.0993E-04  7.5884E-04  9.9833E-01
  1.7600E+04  2.5253E+02  1.6081E-03  7.5884E-04  9.9763E-01
  2.0100E+04  2.5848E+02  2.3963E-03  7.5884E-04  9.9684E-01
  2.2600E+04  2.6323E+02  3.1846E-03  7.5884E-04  9.9606E-01
  2.5000E+04  2.6700E+02  3.9407E-03  7.5884E-04  9.9530E-01
  2.5100E+04  2.6716E+02  3.9774E-03  7.5884E-04  9.9526E-01
  2.7700E+04  2.7050E+02  5.0475E-03  7.5884E-04  9.9419E-01
  3.0200E+04  2.7340E+02  6.3146E-03  7.5884E-04  9.9293E-01
  3.2700E+04  2.7598E+02  7.2822E-03  7.5884E-04  9.9196E-01
  3.5200E+04  2.7831E+02  8.2761E-03  7.5884E-04  9.9097E-01
  3.6500E+04  2.7940E+02  8.8546E-03  7.5884E-04  9.9039E-01
  3.7200E+04  2.8000E+02  9.1897E-03  7.5884E-04  9.9005E-01
  3.7700E+04  2.8044E+02  9.4278E-03  7.5884E-04  9.8981E-01
  3.9000E+04  2.8144E+02  9.9498E-03  7.5884E-04  9.8929E-01
  4.0200E+04  2.8240E+02  1.0475E-02  7.5884E-04  9.8877E-01
  4.1500E+04  2.8333E+02  1.1183E-02  7.5884E-04  9.8806E-01
  4.2700E+04  2.8422E+02  1.2272E-02  7.5884E-04  9.8697E-01
  4.4000E+04  2.8508E+02  1.3770E-02  7.5884E-04  9.8547E-01
  4.5300E+04  2.8592E+02  1.5459E-02  7.5884E-04  9.8378E-01
  4.6500E+04  2.8672E+02  1.7035E-02  7.5884E-04  9.8221E-01
  4.7800E+04  2.8750E+02  1.8273E-02  7.5884E-04  9.8097E-01
  4.9000E+04  2.8826E+02  1.8669E-02  7.5884E-04  9.8057E-01
  5.0300E+04  2.8900E+02  1.8927E-02  7.5884E-04  9.8031E-01
