./cloud_1_1_1/CH4_2.9/inputs/GAM.atm
Created with write_smart_atm.m on 22-Jan-2014

      49 levels
       3 absorbing gases
   28.06 average molecular mass
    mass mixing ratios

     p(Pa)        T(K)        1(H2O)      6(CH4)      22(N2)
  5.0249E+00  2.0300E+02  7.8613E-06  1.3872E-03  9.9860E-01
  1.5100E+01  2.0300E+02  7.8613E-06  1.3872E-03  9.9860E-01
  2.0100E+01  2.0300E+02  7.8613E-06  1.3872E-03  9.9860E-01
  2.5100E+01  2.0300E+02  7.8613E-06  1.3872E-03  9.9860E-01
  3.5200E+01  2.0300E+02  7.8613E-06  1.3872E-03  9.9860E-01
  4.7800E+01  2.0300E+02  7.8613E-06  1.3872E-03  9.9860E-01
  5.0200E+01  2.0300E+02  7.8613E-06  1.3872E-03  9.9860E-01
  1.0000E+02  2.0300E+02  7.8613E-06  1.3872E-03  9.9860E-01
  1.5100E+02  2.0300E+02  7.8613E-06  1.3872E-03  9.9860E-01
  1.5500E+02  2.0300E+02  7.8613E-06  1.3872E-03  9.9860E-01
  2.0100E+02  2.0300E+02  7.8613E-06  1.3872E-03  9.9860E-01
  2.5100E+02  2.0300E+02  7.8613E-06  1.3872E-03  9.9860E-01
  2.6700E+02  2.0300E+02  7.8613E-06  1.3872E-03  9.9860E-01
  3.5200E+02  2.0300E+02  7.8613E-06  1.3872E-03  9.9860E-01
  5.0200E+02  2.0300E+02  7.8613E-06  1.3872E-03  9.9860E-01
  1.0000E+03  2.0300E+02  7.8613E-06  1.3872E-03  9.9860E-01
  1.5100E+03  2.0300E+02  7.8613E-06  1.3872E-03  9.9860E-01
  2.0100E+03  2.0300E+02  7.8613E-06  1.3872E-03  9.9860E-01
  2.3900E+03  2.0300E+02  7.8613E-06  1.3872E-03  9.9860E-01
  2.5100E+03  2.0300E+02  7.8613E-06  1.3872E-03  9.9860E-01
  3.5200E+03  2.0300E+02  7.8613E-06  1.3872E-03  9.9860E-01
  5.0200E+03  2.0300E+02  7.8613E-06  1.3872E-03  9.9860E-01
  7.5300E+03  2.0300E+02  7.8613E-06  1.3872E-03  9.9860E-01
  7.5400E+03  2.0310E+02  7.8950E-06  1.3872E-03  9.9860E-01
  7.7600E+03  2.0481E+02  9.8765E-06  1.3872E-03  9.9860E-01
  1.0000E+04  2.2070E+02  7.1248E-05  1.3872E-03  9.9854E-01
  1.2600E+04  2.3441E+02  3.4649E-04  1.3872E-03  9.9827E-01
  1.3400E+04  2.3800E+02  4.9841E-04  1.3872E-03  9.9811E-01
  1.5100E+04  2.4477E+02  9.0993E-04  1.3872E-03  9.9770E-01
  1.7600E+04  2.5252E+02  1.6082E-03  1.3872E-03  9.9700E-01
  2.0100E+04  2.5848E+02  2.3965E-03  1.3872E-03  9.9622E-01
  2.2600E+04  2.6323E+02  3.1849E-03  1.3872E-03  9.9543E-01
  2.5100E+04  2.6716E+02  3.9779E-03  1.3872E-03  9.9463E-01
  2.7600E+04  2.7050E+02  5.0482E-03  1.3872E-03  9.9356E-01
  3.0100E+04  2.7340E+02  6.3155E-03  1.3872E-03  9.9230E-01
  3.2700E+04  2.7598E+02  7.2833E-03  1.3872E-03  9.9133E-01
  3.5200E+04  2.7831E+02  8.2775E-03  1.3872E-03  9.9034E-01
  3.6400E+04  2.7940E+02  8.8561E-03  1.3872E-03  9.8976E-01
  3.7700E+04  2.8044E+02  9.4294E-03  1.3872E-03  9.8918E-01
  3.8900E+04  2.8144E+02  9.9516E-03  1.3872E-03  9.8866E-01
  4.0200E+04  2.8240E+02  1.0477E-02  1.3872E-03  9.8814E-01
  4.1500E+04  2.8333E+02  1.1185E-02  1.3872E-03  9.8743E-01
  4.2700E+04  2.8422E+02  1.2274E-02  1.3872E-03  9.8634E-01
  4.4000E+04  2.8508E+02  1.3773E-02  1.3872E-03  9.8484E-01
  4.5200E+04  2.8592E+02  1.5462E-02  1.3872E-03  9.8315E-01
  4.6500E+04  2.8672E+02  1.7038E-02  1.3872E-03  9.8157E-01
  4.7700E+04  2.8750E+02  1.8277E-02  1.3872E-03  9.8034E-01
  4.9000E+04  2.8826E+02  1.8672E-02  1.3872E-03  9.7994E-01
  5.0200E+04  2.8900E+02  1.8930E-02  1.3872E-03  9.7968E-01
