./cloud_1_1_1/CO2_3.4/inputs/GAM.atm
Created with write_smart_atm.m on 23-Jan-2014

      46 levels
       3 absorbing gases
   28.07 average molecular mass
    mass mixing ratios

     p(Pa)        T(K)        1(H2O)      2(CO2)      22(N2)
  5.0309E+00  2.0300E+02  7.8502E-06  1.2021E-03  9.9879E-01
  1.5100E+01  2.0300E+02  7.8502E-06  1.2021E-03  9.9879E-01
  2.0100E+01  2.0300E+02  7.8502E-06  1.2021E-03  9.9879E-01
  2.5200E+01  2.0300E+02  7.8502E-06  1.2021E-03  9.9879E-01
  3.5200E+01  2.0300E+02  7.8502E-06  1.2021E-03  9.9879E-01
  5.0300E+01  2.0300E+02  7.8502E-06  1.2021E-03  9.9879E-01
  1.0100E+02  2.0300E+02  7.8502E-06  1.2021E-03  9.9879E-01
  1.5100E+02  2.0300E+02  7.8502E-06  1.2021E-03  9.9879E-01
  2.0100E+02  2.0300E+02  7.8502E-06  1.2021E-03  9.9879E-01
  2.5200E+02  2.0300E+02  7.8502E-06  1.2021E-03  9.9879E-01
  3.5200E+02  2.0300E+02  7.8502E-06  1.2021E-03  9.9879E-01
  5.0300E+02  2.0300E+02  7.8502E-06  1.2021E-03  9.9879E-01
  1.0100E+03  2.0300E+02  7.8502E-06  1.2021E-03  9.9879E-01
  1.5100E+03  2.0300E+02  7.8502E-06  1.2021E-03  9.9879E-01
  2.0100E+03  2.0300E+02  7.8502E-06  1.2021E-03  9.9879E-01
  2.5200E+03  2.0300E+02  7.8502E-06  1.2021E-03  9.9879E-01
  3.5200E+03  2.0300E+02  7.8502E-06  1.2021E-03  9.9879E-01
  5.0300E+03  2.0300E+02  7.8502E-06  1.2021E-03  9.9879E-01
  7.5400E+03  2.0300E+02  7.8502E-06  1.2021E-03  9.9879E-01
  7.5500E+03  2.0309E+02  7.8819E-06  1.2021E-03  9.9879E-01
  1.0100E+04  2.2069E+02  7.1118E-05  1.2021E-03  9.9873E-01
  1.1000E+04  2.2600E+02  1.6804E-04  1.2021E-03  9.9863E-01
  1.2600E+04  2.3440E+02  3.4586E-04  1.2021E-03  9.9845E-01
  1.5100E+04  2.4476E+02  9.0845E-04  1.2021E-03  9.9789E-01
  1.7600E+04  2.5252E+02  1.6058E-03  1.2021E-03  9.9719E-01
  2.0100E+04  2.5847E+02  2.3934E-03  1.2021E-03  9.9640E-01
  2.2600E+04  2.6323E+02  3.1811E-03  1.2021E-03  9.9562E-01
  2.5100E+04  2.6700E+02  3.9377E-03  1.2021E-03  9.9486E-01
  2.5200E+04  2.6716E+02  3.9735E-03  1.2021E-03  9.9482E-01
  2.7700E+04  2.7050E+02  5.0429E-03  1.2021E-03  9.9375E-01
  3.0200E+04  2.7340E+02  6.3094E-03  1.2021E-03  9.9249E-01
  3.2700E+04  2.7597E+02  7.2765E-03  1.2021E-03  9.9152E-01
  3.5200E+04  2.7831E+02  8.2700E-03  1.2021E-03  9.9053E-01
  3.6500E+04  2.7940E+02  8.8481E-03  1.2021E-03  9.8995E-01
  3.7200E+04  2.8000E+02  9.1839E-03  1.2021E-03  9.8961E-01
  3.7700E+04  2.8044E+02  9.4210E-03  1.2021E-03  9.8938E-01
  3.9000E+04  2.8144E+02  9.9428E-03  1.2021E-03  9.8886E-01
  4.0200E+04  2.8240E+02  1.0467E-02  1.2021E-03  9.8833E-01
  4.1500E+04  2.8333E+02  1.1175E-02  1.2021E-03  9.8762E-01
  4.2800E+04  2.8422E+02  1.2264E-02  1.2021E-03  9.8653E-01
  4.4000E+04  2.8508E+02  1.3761E-02  1.2021E-03  9.8504E-01
  4.5300E+04  2.8592E+02  1.5449E-02  1.2021E-03  9.8335E-01
  4.6500E+04  2.8672E+02  1.7024E-02  1.2021E-03  9.8177E-01
  4.7800E+04  2.8750E+02  1.8262E-02  1.2021E-03  9.8054E-01
  4.9100E+04  2.8826E+02  1.8657E-02  1.2021E-03  9.8014E-01
  5.0300E+04  2.8900E+02  1.8915E-02  1.2021E-03  9.7988E-01
