./cloud_1_1_1/CO2_1/inputs/GAM.atm
Created with write_smart_atm.m on 22-Jan-2014

      46 levels
       3 absorbing gases
   29.44 average molecular mass
    mass mixing ratios

     p(Pa)        T(K)        1(H2O)      2(CO2)      22(N2)
  1.1500E+01  2.0300E+02  3.3755E-06  1.3160E-01  8.6840E-01
  3.4600E+01  2.0300E+02  3.3755E-06  1.3160E-01  8.6840E-01
  4.6200E+01  2.0300E+02  3.3755E-06  1.3160E-01  8.6840E-01
  5.7700E+01  2.0300E+02  3.3755E-06  1.3160E-01  8.6840E-01
  8.0800E+01  2.0300E+02  3.3755E-06  1.3160E-01  8.6840E-01
  1.1500E+02  2.0300E+02  3.3755E-06  1.3160E-01  8.6840E-01
  2.3100E+02  2.0300E+02  3.3755E-06  1.3160E-01  8.6840E-01
  3.4600E+02  2.0300E+02  3.3755E-06  1.3160E-01  8.6840E-01
  4.6200E+02  2.0300E+02  3.3755E-06  1.3160E-01  8.6840E-01
  5.7700E+02  2.0300E+02  3.3755E-06  1.3160E-01  8.6840E-01
  8.0800E+02  2.0300E+02  3.3755E-06  1.3160E-01  8.6840E-01
  1.1500E+03  2.0300E+02  3.3755E-06  1.3160E-01  8.6840E-01
  2.3100E+03  2.0300E+02  3.3755E-06  1.3160E-01  8.6840E-01
  3.4600E+03  2.0300E+02  3.3755E-06  1.3160E-01  8.6840E-01
  4.6200E+03  2.0300E+02  3.3755E-06  1.3160E-01  8.6840E-01
  5.7700E+03  2.0300E+02  3.3755E-06  1.3160E-01  8.6840E-01
  8.0800E+03  2.0300E+02  3.3755E-06  1.3160E-01  8.6840E-01
  1.1500E+04  2.0300E+02  3.3755E-06  1.3160E-01  8.6840E-01
  1.7300E+04  2.0300E+02  3.3755E-06  1.3160E-01  8.6840E-01
  2.3100E+04  2.0300E+02  3.3755E-06  1.3160E-01  8.6840E-01
  2.4300E+04  2.0300E+02  3.3755E-06  1.3160E-01  8.6840E-01
  2.8900E+04  2.1310E+02  1.0432E-05  1.3160E-01  8.6839E-01
  3.4600E+04  2.2417E+02  3.7432E-05  1.3160E-01  8.6837E-01
  3.5700E+04  2.2600E+02  4.8797E-05  1.3160E-01  8.6835E-01
  4.0400E+04  2.3380E+02  9.4434E-05  1.3160E-01  8.6831E-01
  4.6200E+04  2.4219E+02  1.9919E-04  1.3160E-01  8.6820E-01
  5.1900E+04  2.4946E+02  3.6040E-04  1.3160E-01  8.6804E-01
  5.7700E+04  2.5574E+02  5.8350E-04  1.3160E-01  8.6782E-01
  6.3500E+04  2.6115E+02  9.1555E-04  1.3160E-01  8.6749E-01
  6.9300E+04  2.6583E+02  1.3624E-03  1.3160E-01  8.6704E-01
  7.0900E+04  2.6700E+02  1.5046E-03  1.3160E-01  8.6690E-01
  7.5000E+04  2.6990E+02  1.8500E-03  1.3160E-01  8.6655E-01
  8.0800E+04  2.7348E+02  2.3968E-03  1.3160E-01  8.6601E-01
  8.3700E+04  2.7512E+02  2.6735E-03  1.3160E-01  8.6573E-01
  8.6600E+04  2.7668E+02  2.9603E-03  1.3160E-01  8.6544E-01
  8.9500E+04  2.7817E+02  3.2358E-03  1.3160E-01  8.6517E-01
  9.2400E+04  2.7958E+02  3.5218E-03  1.3160E-01  8.6488E-01
  9.3200E+04  2.8000E+02  3.6196E-03  1.3160E-01  8.6478E-01
  9.5200E+04  2.8093E+02  3.8749E-03  1.3160E-01  8.6453E-01
  9.8100E+04  2.8223E+02  4.3728E-03  1.3160E-01  8.6403E-01
  1.0100E+05  2.8347E+02  5.0377E-03  1.3160E-01  8.6337E-01
  1.0400E+05  2.8466E+02  5.7930E-03  1.3160E-01  8.6261E-01
  1.0700E+05  2.8580E+02  6.5279E-03  1.3160E-01  8.6188E-01
  1.1000E+05  2.8691E+02  7.1514E-03  1.3160E-01  8.6125E-01
  1.1300E+05  2.8797E+02  7.4534E-03  1.3160E-01  8.6095E-01
  1.1500E+05  2.8900E+02  7.6973E-03  1.3160E-01  8.6071E-01
