./cloud_1_1_1/CO2_0.2/inputs/GAM.atm
Created with write_smart_atm.m on 23-Jan-2014

      45 levels
       3 absorbing gases
   36.81 average molecular mass
    mass mixing ratios

     p(Pa)        T(K)        1(H2O)      2(CO2)      22(N2)
  1.4600E+01  2.0300E+02  2.5114E-06  6.5607E-01  3.4393E-01
  4.3800E+01  2.0300E+02  2.5114E-06  6.5607E-01  3.4393E-01
  5.8400E+01  2.0300E+02  2.5114E-06  6.5607E-01  3.4393E-01
  7.3100E+01  2.0300E+02  2.5114E-06  6.5607E-01  3.4393E-01
  1.0200E+02  2.0300E+02  2.5114E-06  6.5607E-01  3.4393E-01
  1.4600E+02  2.0300E+02  2.5114E-06  6.5607E-01  3.4393E-01
  2.9200E+02  2.0300E+02  2.5114E-06  6.5607E-01  3.4393E-01
  4.3800E+02  2.0300E+02  2.5114E-06  6.5607E-01  3.4393E-01
  5.8400E+02  2.0300E+02  2.5114E-06  6.5607E-01  3.4393E-01
  7.3100E+02  2.0300E+02  2.5114E-06  6.5607E-01  3.4393E-01
  1.0200E+03  2.0300E+02  2.5114E-06  6.5607E-01  3.4393E-01
  1.4600E+03  2.0300E+02  2.5114E-06  6.5607E-01  3.4393E-01
  2.9200E+03  2.0300E+02  2.5114E-06  6.5607E-01  3.4393E-01
  4.3800E+03  2.0300E+02  2.5114E-06  6.5607E-01  3.4393E-01
  5.8400E+03  2.0300E+02  2.5114E-06  6.5607E-01  3.4393E-01
  7.3100E+03  2.0300E+02  2.5114E-06  6.5607E-01  3.4393E-01
  1.0200E+04  2.0300E+02  2.5114E-06  6.5607E-01  3.4393E-01
  1.4600E+04  2.0300E+02  2.5114E-06  6.5607E-01  3.4393E-01
  2.1900E+04  2.0300E+02  2.5114E-06  6.5607E-01  3.4393E-01
  2.4100E+04  2.0300E+02  2.5114E-06  6.5607E-01  3.4393E-01
  2.9200E+04  2.1236E+02  6.2591E-06  6.5607E-01  3.4393E-01
  3.6500E+04  2.2319E+02  2.4267E-05  6.5607E-01  3.4391E-01
  3.8800E+04  2.2600E+02  3.6225E-05  6.5607E-01  3.4390E-01
  4.3800E+04  2.3234E+02  6.2079E-05  6.5607E-01  3.4387E-01
  5.1100E+04  2.4023E+02  1.2067E-04  6.5607E-01  3.4381E-01
  5.8400E+04  2.4708E+02  2.0824E-04  6.5607E-01  3.4372E-01
  6.5700E+04  2.5308E+02  3.2397E-04  6.5607E-01  3.4361E-01
  7.3100E+04  2.5834E+02  4.6985E-04  6.5607E-01  3.4346E-01
  8.0400E+04  2.6299E+02  6.8195E-04  6.5607E-01  3.4325E-01
  8.7500E+04  2.6700E+02  9.5408E-04  6.5607E-01  3.4298E-01
  8.7700E+04  2.6711E+02  9.6143E-04  6.5607E-01  3.4297E-01
  9.5000E+04  2.7078E+02  1.2581E-03  6.5607E-01  3.4267E-01
  1.0200E+05  2.7409E+02  1.5795E-03  6.5607E-01  3.4235E-01
  1.0600E+05  2.7562E+02  1.7489E-03  6.5607E-01  3.4218E-01
  1.1000E+05  2.7709E+02  1.9212E-03  6.5607E-01  3.4201E-01
  1.1300E+05  2.7850E+02  2.0897E-03  6.5607E-01  3.4184E-01
  1.1700E+05  2.8000E+02  2.2839E-03  6.5607E-01  3.4165E-01
  1.2100E+05  2.8114E+02  2.4777E-03  6.5607E-01  3.4145E-01
  1.2400E+05  2.8239E+02  2.7879E-03  6.5607E-01  3.4114E-01
  1.2800E+05  2.8359E+02  3.2017E-03  6.5607E-01  3.4073E-01
  1.3100E+05  2.8475E+02  3.6723E-03  6.5607E-01  3.4026E-01
  1.3500E+05  2.8586E+02  4.1295E-03  6.5607E-01  3.3980E-01
  1.3900E+05  2.8694E+02  4.5161E-03  6.5607E-01  3.3942E-01
  1.4200E+05  2.8799E+02  4.7001E-03  6.5607E-01  3.3923E-01
  1.4600E+05  2.8900E+02  4.8482E-03  6.5607E-01  3.3908E-01
