./cloud_1_1_1/CO2_0/inputs/GAM.atm
Created with write_smart_atm.m on 23-Jan-2014

      45 levels
       3 absorbing gases
   33.23 average molecular mass
    mass mixing ratios

     p(Pa)        T(K)        1(H2O)      2(CO2)      22(N2)
  3.5200E+01  2.0300E+02  9.4320E-07  4.3138E-01  5.6862E-01
  1.0600E+02  2.0300E+02  9.4320E-07  4.3138E-01  5.6862E-01
  1.4100E+02  2.0300E+02  9.4320E-07  4.3138E-01  5.6862E-01
  1.7600E+02  2.0300E+02  9.4320E-07  4.3138E-01  5.6862E-01
  2.4700E+02  2.0300E+02  9.4320E-07  4.3138E-01  5.6862E-01
  3.5200E+02  2.0300E+02  9.4320E-07  4.3138E-01  5.6862E-01
  7.0400E+02  2.0300E+02  9.4320E-07  4.3138E-01  5.6862E-01
  1.0600E+03  2.0300E+02  9.4320E-07  4.3138E-01  5.6862E-01
  1.4100E+03  2.0300E+02  9.4320E-07  4.3138E-01  5.6862E-01
  1.7600E+03  2.0300E+02  9.4320E-07  4.3138E-01  5.6862E-01
  2.4700E+03  2.0300E+02  9.4320E-07  4.3138E-01  5.6862E-01
  3.5200E+03  2.0300E+02  9.4320E-07  4.3138E-01  5.6862E-01
  7.0400E+03  2.0300E+02  9.4320E-07  4.3138E-01  5.6862E-01
  1.0600E+04  2.0300E+02  9.4320E-07  4.3138E-01  5.6862E-01
  1.4100E+04  2.0300E+02  9.4320E-07  4.3138E-01  5.6862E-01
  1.7600E+04  2.0300E+02  9.4320E-07  4.3138E-01  5.6862E-01
  2.4700E+04  2.0300E+02  9.4320E-07  4.3138E-01  5.6862E-01
  3.5200E+04  2.0300E+02  9.4320E-07  4.3138E-01  5.6862E-01
  5.2800E+04  2.0300E+02  9.4320E-07  4.3138E-01  5.6862E-01
  7.0400E+04  2.0300E+02  9.4320E-07  4.3138E-01  5.6862E-01
  7.7500E+04  2.0300E+02  9.4320E-07  4.3138E-01  5.6862E-01
  8.8000E+04  2.0977E+02  1.9152E-06  4.3138E-01  5.6862E-01
  1.0600E+05  2.1948E+02  6.0482E-06  4.3138E-01  5.6862E-01
  1.1900E+05  2.2600E+02  1.2250E-05  4.3138E-01  5.6861E-01
  1.2300E+05  2.2802E+02  1.4076E-05  4.3138E-01  5.6861E-01
  1.4100E+05  2.3565E+02  2.8567E-05  4.3138E-01  5.6859E-01
  1.5800E+05  2.4253E+02  5.1667E-05  4.3138E-01  5.6857E-01
  1.7600E+05  2.4878E+02  8.6334E-05  4.3138E-01  5.6854E-01
  1.9400E+05  2.5449E+02  1.4315E-04  4.3138E-01  5.6848E-01
  2.1100E+05  2.5970E+02  2.2849E-04  4.3138E-01  5.6839E-01
  2.2900E+05  2.6448E+02  3.3526E-04  4.3138E-01  5.6829E-01
  2.3900E+05  2.6700E+02  4.1111E-04  4.3138E-01  5.6821E-01
  2.4700E+05  2.6886E+02  4.7144E-04  4.3138E-01  5.6815E-01
  2.5500E+05  2.7092E+02  5.5572E-04  4.3138E-01  5.6807E-01
  2.6400E+05  2.7289E+02  6.4820E-04  4.3138E-01  5.6797E-01
  2.7300E+05  2.7478E+02  7.3429E-04  4.3138E-01  5.6789E-01
  2.8200E+05  2.7659E+02  8.2383E-04  4.3138E-01  5.6780E-01
  2.9100E+05  2.7834E+02  9.3380E-04  4.3138E-01  5.6769E-01
  2.9900E+05  2.8003E+02  1.0844E-03  4.3138E-01  5.6754E-01
  3.0800E+05  2.8166E+02  1.2839E-03  4.3138E-01  5.6734E-01
  3.1700E+05  2.8323E+02  1.5149E-03  4.3138E-01  5.6711E-01
  3.2600E+05  2.8475E+02  1.7511E-03  4.3138E-01  5.6687E-01
  3.3500E+05  2.8621E+02  1.9644E-03  4.3138E-01  5.6666E-01
  3.4300E+05  2.8763E+02  2.0957E-03  4.3138E-01  5.6653E-01
  3.5200E+05  2.8900E+02  2.2118E-03  4.3138E-01  5.6641E-01
