./cloud_1_1_1/CO2_5.4/inputs/GAM.atm
Created with write_smart_atm.m on 23-Jan-2014

      46 levels
       3 absorbing gases
   28.06 average molecular mass
    mass mixing ratios

     p(Pa)        T(K)        1(H2O)      2(CO2)      22(N2)
  5.0249E+00  2.0300E+02  7.8793E-06  1.2036E-05  9.9998E-01
  1.5100E+01  2.0300E+02  7.8793E-06  1.2036E-05  9.9998E-01
  2.0100E+01  2.0300E+02  7.8793E-06  1.2036E-05  9.9998E-01
  2.5100E+01  2.0300E+02  7.8793E-06  1.2036E-05  9.9998E-01
  3.5200E+01  2.0300E+02  7.8793E-06  1.2036E-05  9.9998E-01
  5.0200E+01  2.0300E+02  7.8793E-06  1.2036E-05  9.9998E-01
  1.0000E+02  2.0300E+02  7.8793E-06  1.2036E-05  9.9998E-01
  1.5100E+02  2.0300E+02  7.8793E-06  1.2036E-05  9.9998E-01
  2.0100E+02  2.0300E+02  7.8793E-06  1.2036E-05  9.9998E-01
  2.5100E+02  2.0300E+02  7.8793E-06  1.2036E-05  9.9998E-01
  3.5200E+02  2.0300E+02  7.8793E-06  1.2036E-05  9.9998E-01
  5.0200E+02  2.0300E+02  7.8793E-06  1.2036E-05  9.9998E-01
  1.0000E+03  2.0300E+02  7.8793E-06  1.2036E-05  9.9998E-01
  1.5100E+03  2.0300E+02  7.8793E-06  1.2036E-05  9.9998E-01
  2.0100E+03  2.0300E+02  7.8793E-06  1.2036E-05  9.9998E-01
  2.5100E+03  2.0300E+02  7.8793E-06  1.2036E-05  9.9998E-01
  3.5200E+03  2.0300E+02  7.8793E-06  1.2036E-05  9.9998E-01
  5.0200E+03  2.0300E+02  7.8793E-06  1.2036E-05  9.9998E-01
  7.5200E+03  2.0300E+02  7.8793E-06  1.2036E-05  9.9998E-01
  7.5400E+03  2.0311E+02  7.9177E-06  1.2036E-05  9.9998E-01
  1.0000E+04  2.2072E+02  7.1480E-05  1.2036E-05  9.9992E-01
  1.1000E+04  2.2600E+02  1.6833E-04  1.2036E-05  9.9982E-01
  1.2600E+04  2.3443E+02  3.4758E-04  1.2036E-05  9.9964E-01
  1.5100E+04  2.4479E+02  9.1243E-04  1.2036E-05  9.9908E-01
  1.7600E+04  2.5254E+02  1.6119E-03  1.2036E-05  9.9838E-01
  2.0100E+04  2.5849E+02  2.4012E-03  1.2036E-05  9.9759E-01
  2.2600E+04  2.6324E+02  3.1904E-03  1.2036E-05  9.9680E-01
  2.5000E+04  2.6700E+02  3.9456E-03  1.2036E-05  9.9604E-01
  2.5100E+04  2.6717E+02  3.9840E-03  1.2036E-05  9.9600E-01
  2.7600E+04  2.7051E+02  5.0552E-03  1.2036E-05  9.9493E-01
  3.0100E+04  2.7340E+02  6.3233E-03  1.2036E-05  9.9366E-01
  3.2700E+04  2.7598E+02  7.2917E-03  1.2036E-05  9.9270E-01
  3.5200E+04  2.7831E+02  8.2865E-03  1.2036E-05  9.9170E-01
  3.6400E+04  2.7940E+02  8.8655E-03  1.2036E-05  9.9112E-01
  3.7200E+04  2.8000E+02  9.1995E-03  1.2036E-05  9.9079E-01
  3.7700E+04  2.8044E+02  9.4392E-03  1.2036E-05  9.9055E-01
  3.8900E+04  2.8144E+02  9.9616E-03  1.2036E-05  9.9003E-01
  4.0200E+04  2.8240E+02  1.0487E-02  1.2036E-05  9.8950E-01
  4.1500E+04  2.8333E+02  1.1196E-02  1.2036E-05  9.8879E-01
  4.2700E+04  2.8422E+02  1.2286E-02  1.2036E-05  9.8770E-01
  4.4000E+04  2.8508E+02  1.3786E-02  1.2036E-05  9.8620E-01
  4.5200E+04  2.8592E+02  1.5476E-02  1.2036E-05  9.8451E-01
  4.6500E+04  2.8672E+02  1.7054E-02  1.2036E-05  9.8293E-01
  4.7700E+04  2.8751E+02  1.8293E-02  1.2036E-05  9.8170E-01
  4.9000E+04  2.8826E+02  1.8689E-02  1.2036E-05  9.8130E-01
  5.0200E+04  2.8900E+02  1.8946E-02  1.2036E-05  9.8104E-01
