./cloud_1_1_1/CO2_4.4/inputs/GAM.atm
Created with write_smart_atm.m on 23-Jan-2014

      46 levels
       3 absorbing gases
   28.06 average molecular mass
    mass mixing ratios

     p(Pa)        T(K)        1(H2O)      2(CO2)      22(N2)
  5.0255E+00  2.0300E+02  7.8766E-06  1.2034E-04  9.9987E-01
  1.5100E+01  2.0300E+02  7.8766E-06  1.2034E-04  9.9987E-01
  2.0100E+01  2.0300E+02  7.8766E-06  1.2034E-04  9.9987E-01
  2.5100E+01  2.0300E+02  7.8766E-06  1.2034E-04  9.9987E-01
  3.5200E+01  2.0300E+02  7.8766E-06  1.2034E-04  9.9987E-01
  5.0300E+01  2.0300E+02  7.8766E-06  1.2034E-04  9.9987E-01
  1.0100E+02  2.0300E+02  7.8766E-06  1.2034E-04  9.9987E-01
  1.5100E+02  2.0300E+02  7.8766E-06  1.2034E-04  9.9987E-01
  2.0100E+02  2.0300E+02  7.8766E-06  1.2034E-04  9.9987E-01
  2.5100E+02  2.0300E+02  7.8766E-06  1.2034E-04  9.9987E-01
  3.5200E+02  2.0300E+02  7.8766E-06  1.2034E-04  9.9987E-01
  5.0300E+02  2.0300E+02  7.8766E-06  1.2034E-04  9.9987E-01
  1.0100E+03  2.0300E+02  7.8766E-06  1.2034E-04  9.9987E-01
  1.5100E+03  2.0300E+02  7.8766E-06  1.2034E-04  9.9987E-01
  2.0100E+03  2.0300E+02  7.8766E-06  1.2034E-04  9.9987E-01
  2.5100E+03  2.0300E+02  7.8766E-06  1.2034E-04  9.9987E-01
  3.5200E+03  2.0300E+02  7.8766E-06  1.2034E-04  9.9987E-01
  5.0300E+03  2.0300E+02  7.8766E-06  1.2034E-04  9.9987E-01
  7.5300E+03  2.0300E+02  7.8766E-06  1.2034E-04  9.9987E-01
  7.5400E+03  2.0311E+02  7.9144E-06  1.2034E-04  9.9987E-01
  1.0100E+04  2.2071E+02  7.1447E-05  1.2034E-04  9.9981E-01
  1.1000E+04  2.2600E+02  1.6830E-04  1.2034E-04  9.9971E-01
  1.2600E+04  2.3443E+02  3.4743E-04  1.2034E-04  9.9953E-01
  1.5100E+04  2.4479E+02  9.1206E-04  1.2034E-04  9.9897E-01
  1.7600E+04  2.5254E+02  1.6113E-03  1.2034E-04  9.9827E-01
  2.0100E+04  2.5849E+02  2.4005E-03  1.2034E-04  9.9748E-01
  2.2600E+04  2.6324E+02  3.1896E-03  1.2034E-04  9.9669E-01
  2.5000E+04  2.6700E+02  3.9449E-03  1.2034E-04  9.9593E-01
  2.5100E+04  2.6717E+02  3.9830E-03  1.2034E-04  9.9590E-01
  2.7600E+04  2.7050E+02  5.0541E-03  1.2034E-04  9.9483E-01
  3.0200E+04  2.7340E+02  6.3220E-03  1.2034E-04  9.9356E-01
  3.2700E+04  2.7598E+02  7.2903E-03  1.2034E-04  9.9259E-01
  3.5200E+04  2.7831E+02  8.2850E-03  1.2034E-04  9.9159E-01
  3.6400E+04  2.7940E+02  8.8639E-03  1.2034E-04  9.9102E-01
  3.7200E+04  2.8000E+02  9.1981E-03  1.2034E-04  9.9068E-01
  3.7700E+04  2.8044E+02  9.4375E-03  1.2034E-04  9.9044E-01
  3.8900E+04  2.8144E+02  9.9599E-03  1.2034E-04  9.8992E-01
  4.0200E+04  2.8240E+02  1.0485E-02  1.2034E-04  9.8939E-01
  4.1500E+04  2.8333E+02  1.1194E-02  1.2034E-04  9.8869E-01
  4.2700E+04  2.8422E+02  1.2284E-02  1.2034E-04  9.8760E-01
  4.4000E+04  2.8508E+02  1.3783E-02  1.2034E-04  9.8610E-01
  4.5200E+04  2.8592E+02  1.5474E-02  1.2034E-04  9.8441E-01
  4.6500E+04  2.8672E+02  1.7051E-02  1.2034E-04  9.8283E-01
  4.7700E+04  2.8750E+02  1.8290E-02  1.2034E-04  9.8159E-01
  4.9000E+04  2.8826E+02  1.8686E-02  1.2034E-04  9.8119E-01
  5.0300E+04  2.8900E+02  1.8943E-02  1.2034E-04  9.8094E-01
