./cloud_1_1_1/CO2_1.4/inputs/GAM.atm
Created with write_smart_atm.m on 23-Jan-2014

      46 levels
       3 absorbing gases
   28.33 average molecular mass
    mass mixing ratios

     p(Pa)        T(K)        1(H2O)      2(CO2)      22(N2)
  2.0600E+01  2.0300E+02  1.5232E-06  2.9316E-02  9.7068E-01
  6.1900E+01  2.0300E+02  1.5232E-06  2.9316E-02  9.7068E-01
  8.2500E+01  2.0300E+02  1.5232E-06  2.9316E-02  9.7068E-01
  1.0300E+02  2.0300E+02  1.5232E-06  2.9316E-02  9.7068E-01
  1.4400E+02  2.0300E+02  1.5232E-06  2.9316E-02  9.7068E-01
  2.0600E+02  2.0300E+02  1.5232E-06  2.9316E-02  9.7068E-01
  4.1300E+02  2.0300E+02  1.5232E-06  2.9316E-02  9.7068E-01
  6.1900E+02  2.0300E+02  1.5232E-06  2.9316E-02  9.7068E-01
  8.2500E+02  2.0300E+02  1.5232E-06  2.9316E-02  9.7068E-01
  1.0300E+03  2.0300E+02  1.5232E-06  2.9316E-02  9.7068E-01
  1.4400E+03  2.0300E+02  1.5232E-06  2.9316E-02  9.7068E-01
  2.0600E+03  2.0300E+02  1.5232E-06  2.9316E-02  9.7068E-01
  4.1300E+03  2.0300E+02  1.5232E-06  2.9316E-02  9.7068E-01
  6.1900E+03  2.0300E+02  1.5232E-06  2.9316E-02  9.7068E-01
  8.2500E+03  2.0300E+02  1.5232E-06  2.9316E-02  9.7068E-01
  1.0300E+04  2.0300E+02  1.5232E-06  2.9316E-02  9.7068E-01
  1.4400E+04  2.0300E+02  1.5232E-06  2.9316E-02  9.7068E-01
  2.0600E+04  2.0300E+02  1.5232E-06  2.9316E-02  9.7068E-01
  3.0900E+04  2.0300E+02  1.5232E-06  2.9316E-02  9.7068E-01
  4.1300E+04  2.0300E+02  1.5232E-06  2.9316E-02  9.7068E-01
  5.1600E+04  2.0300E+02  1.5232E-06  2.9316E-02  9.7068E-01
  5.2000E+04  2.0300E+02  1.5232E-06  2.9316E-02  9.7068E-01
  6.1900E+04  2.1360E+02  5.6033E-06  2.9316E-02  9.7068E-01
  7.2200E+04  2.2338E+02  1.6094E-05  2.9316E-02  9.7067E-01
  7.5300E+04  2.2600E+02  2.2904E-05  2.9316E-02  9.7066E-01
  8.2500E+04  2.3214E+02  3.8560E-05  2.9316E-02  9.7065E-01
  9.2800E+04  2.4004E+02  7.9518E-05  2.9316E-02  9.7060E-01
  1.0300E+05  2.4717E+02  1.4711E-04  2.9316E-02  9.7054E-01
  1.1300E+05  2.5359E+02  2.6321E-04  2.9316E-02  9.7042E-01
  1.2400E+05  2.5935E+02  4.4329E-04  2.9316E-02  9.7024E-01
  1.3400E+05  2.6451E+02  6.7355E-04  2.9316E-02  9.7001E-01
  1.4000E+05  2.6700E+02  8.2661E-04  2.9316E-02  9.6986E-01
  1.4400E+05  2.6912E+02  9.6621E-04  2.9316E-02  9.6972E-01
  1.5000E+05  2.7124E+02  1.1452E-03  2.9316E-02  9.6954E-01
  1.5500E+05  2.7325E+02  1.3391E-03  2.9316E-02  9.6934E-01
  1.6000E+05  2.7516E+02  1.5135E-03  2.9316E-02  9.6917E-01
  1.6500E+05  2.7698E+02  1.6982E-03  2.9316E-02  9.6899E-01
  1.7000E+05  2.7871E+02  1.9235E-03  2.9316E-02  9.6876E-01
  1.7400E+05  2.8000E+02  2.1520E-03  2.9316E-02  9.6853E-01
  1.7500E+05  2.8037E+02  2.2291E-03  2.9316E-02  9.6845E-01
  1.8100E+05  2.8196E+02  2.6312E-03  2.9316E-02  9.6805E-01
  1.8600E+05  2.8348E+02  3.0962E-03  2.9316E-02  9.6759E-01
  1.9100E+05  2.8495E+02  3.5642E-03  2.9316E-02  9.6712E-01
  1.9600E+05  2.8635E+02  3.9837E-03  2.9316E-02  9.6670E-01
  2.0100E+05  2.8770E+02  4.2312E-03  2.9316E-02  9.6645E-01
  2.0600E+05  2.8900E+02  4.4458E-03  2.9316E-02  9.6624E-01
