./cloud_1_1_1/CO2_2.2/inputs/GAM.atm
Created with write_smart_atm.m on 22-Jan-2014

      46 levels
       3 absorbing gases
   28.13 average molecular mass
    mass mixing ratios

     p(Pa)        T(K)        1(H2O)      2(CO2)      22(N2)
  1.0100E+01  2.0300E+02  4.2484E-06  9.4709E-03  9.9052E-01
  3.0400E+01  2.0300E+02  4.2484E-06  9.4709E-03  9.9052E-01
  4.0500E+01  2.0300E+02  4.2484E-06  9.4709E-03  9.9052E-01
  5.0600E+01  2.0300E+02  4.2484E-06  9.4709E-03  9.9052E-01
  7.0800E+01  2.0300E+02  4.2484E-06  9.4709E-03  9.9052E-01
  1.0100E+02  2.0300E+02  4.2484E-06  9.4709E-03  9.9052E-01
  2.0200E+02  2.0300E+02  4.2484E-06  9.4709E-03  9.9052E-01
  3.0400E+02  2.0300E+02  4.2484E-06  9.4709E-03  9.9052E-01
  4.0500E+02  2.0300E+02  4.2484E-06  9.4709E-03  9.9052E-01
  5.0600E+02  2.0300E+02  4.2484E-06  9.4709E-03  9.9052E-01
  7.0800E+02  2.0300E+02  4.2484E-06  9.4709E-03  9.9052E-01
  1.0100E+03  2.0300E+02  4.2484E-06  9.4709E-03  9.9052E-01
  2.0200E+03  2.0300E+02  4.2484E-06  9.4709E-03  9.9052E-01
  3.0400E+03  2.0300E+02  4.2484E-06  9.4709E-03  9.9052E-01
  4.0500E+03  2.0300E+02  4.2484E-06  9.4709E-03  9.9052E-01
  5.0600E+03  2.0300E+02  4.2484E-06  9.4709E-03  9.9052E-01
  7.0800E+03  2.0300E+02  4.2484E-06  9.4709E-03  9.9052E-01
  1.0100E+04  2.0300E+02  4.2484E-06  9.4709E-03  9.9052E-01
  1.5200E+04  2.0300E+02  4.2484E-06  9.4709E-03  9.9052E-01
  2.0200E+04  2.0300E+02  4.2484E-06  9.4709E-03  9.9052E-01
  2.1600E+04  2.0300E+02  4.2484E-06  9.4709E-03  9.9052E-01
  2.5300E+04  2.1276E+02  1.1893E-05  9.4709E-03  9.9052E-01
  3.0400E+04  2.2432E+02  4.5491E-05  9.4709E-03  9.9048E-01
  3.1200E+04  2.2600E+02  5.8593E-05  9.4709E-03  9.9047E-01
  3.5400E+04  2.3434E+02  1.1975E-04  9.4709E-03  9.9041E-01
  4.0500E+04  2.4299E+02  2.5871E-04  9.4709E-03  9.9027E-01
  4.5500E+04  2.5040E+02  4.7201E-04  9.4709E-03  9.9006E-01
  5.0600E+04  2.5670E+02  7.6221E-04  9.4709E-03  9.8977E-01
  5.5700E+04  2.6204E+02  1.1855E-03  9.4709E-03  9.8934E-01
  6.0700E+04  2.6662E+02  1.7441E-03  9.4709E-03  9.8878E-01
  6.1200E+04  2.6700E+02  1.8024E-03  9.4709E-03  9.8873E-01
  6.5800E+04  2.7058E+02  2.3405E-03  9.4709E-03  9.8819E-01
  7.0800E+04  2.7404E+02  2.9816E-03  9.4709E-03  9.8755E-01
  7.3400E+04  2.7562E+02  3.3139E-03  9.4709E-03  9.8722E-01
  7.5900E+04  2.7713E+02  3.6503E-03  9.4709E-03  9.8688E-01
  7.8400E+04  2.7856E+02  3.9784E-03  9.4709E-03  9.8655E-01
  8.1000E+04  2.7992E+02  4.3110E-03  9.4709E-03  9.8622E-01
  8.1100E+04  2.8000E+02  4.3321E-03  9.4709E-03  9.8620E-01
  8.3500E+04  2.8123E+02  4.7265E-03  9.4709E-03  9.8580E-01
  8.6000E+04  2.8247E+02  5.3190E-03  9.4709E-03  9.8521E-01
  8.8600E+04  2.8367E+02  6.1073E-03  9.4709E-03  9.8442E-01
  9.1100E+04  2.8482E+02  7.0013E-03  9.4709E-03  9.8353E-01
  9.3600E+04  2.8592E+02  7.8676E-03  9.4709E-03  9.8266E-01
  9.6100E+04  2.8698E+02  8.5965E-03  9.4709E-03  9.8193E-01
  9.8700E+04  2.8801E+02  8.9378E-03  9.4709E-03  9.8159E-01
  1.0100E+05  2.8900E+02  9.2090E-03  9.4709E-03  9.8132E-01
