./cloud_1_1_1/CO2_1.2/inputs/GAM.atm
Created with write_smart_atm.m on 23-Jan-2014

      46 levels
       3 absorbing gases
   29.78 average molecular mass
    mass mixing ratios

     p(Pa)        T(K)        1(H2O)      2(CO2)      22(N2)
  5.9834E+00  2.0300E+02  8.2927E-06  1.6020E-01  8.3979E-01
  1.8000E+01  2.0300E+02  8.2927E-06  1.6020E-01  8.3979E-01
  2.3900E+01  2.0300E+02  8.2927E-06  1.6020E-01  8.3979E-01
  2.9900E+01  2.0300E+02  8.2927E-06  1.6020E-01  8.3979E-01
  4.1900E+01  2.0300E+02  8.2927E-06  1.6020E-01  8.3979E-01
  5.9800E+01  2.0300E+02  8.2927E-06  1.6020E-01  8.3979E-01
  1.2000E+02  2.0300E+02  8.2927E-06  1.6020E-01  8.3979E-01
  1.8000E+02  2.0300E+02  8.2927E-06  1.6020E-01  8.3979E-01
  2.3900E+02  2.0300E+02  8.2927E-06  1.6020E-01  8.3979E-01
  2.9900E+02  2.0300E+02  8.2927E-06  1.6020E-01  8.3979E-01
  4.1900E+02  2.0300E+02  8.2927E-06  1.6020E-01  8.3979E-01
  5.9800E+02  2.0300E+02  8.2927E-06  1.6020E-01  8.3979E-01
  1.2000E+03  2.0300E+02  8.2927E-06  1.6020E-01  8.3979E-01
  1.8000E+03  2.0300E+02  8.2927E-06  1.6020E-01  8.3979E-01
  2.3900E+03  2.0300E+02  8.2927E-06  1.6020E-01  8.3979E-01
  2.9900E+03  2.0300E+02  8.2927E-06  1.6020E-01  8.3979E-01
  4.1900E+03  2.0300E+02  8.2927E-06  1.6020E-01  8.3979E-01
  5.9800E+03  2.0300E+02  8.2927E-06  1.6020E-01  8.3979E-01
  8.9800E+03  2.0300E+02  8.2927E-06  1.6020E-01  8.3979E-01
  9.3600E+03  2.0300E+02  8.2927E-06  1.6020E-01  8.3979E-01
  1.2000E+04  2.1740E+02  3.6986E-05  1.6020E-01  8.3977E-01
  1.3900E+04  2.2600E+02  1.2469E-04  1.6020E-01  8.3968E-01
  1.5000E+04  2.3064E+02  1.7844E-04  1.6020E-01  8.3962E-01
  1.8000E+04  2.4116E+02  4.9404E-04  1.6020E-01  8.3931E-01
  2.0900E+04  2.4942E+02  9.3820E-04  1.6020E-01  8.3886E-01
  2.3900E+04  2.5592E+02  1.4914E-03  1.6020E-01  8.3831E-01
  2.6900E+04  2.6115E+02  2.0861E-03  1.6020E-01  8.3772E-01
  2.9900E+04  2.6548E+02  2.7101E-03  1.6020E-01  8.3709E-01
  3.1200E+04  2.6700E+02  3.0249E-03  1.6020E-01  8.3678E-01
  3.2900E+04  2.6913E+02  3.5455E-03  1.6020E-01  8.3626E-01
  3.5900E+04  2.7230E+02  4.5514E-03  1.6020E-01  8.3525E-01
  3.8900E+04  2.7509E+02  5.3835E-03  1.6020E-01  8.3442E-01
  4.1900E+04  2.7760E+02  6.2043E-03  1.6020E-01  8.3360E-01
  4.3400E+04  2.7877E+02  6.6769E-03  1.6020E-01  8.3313E-01
  4.4900E+04  2.7988E+02  7.1472E-03  1.6020E-01  8.3266E-01
  4.5000E+04  2.8000E+02  7.1963E-03  1.6020E-01  8.3261E-01
  4.6400E+04  2.8095E+02  7.5804E-03  1.6020E-01  8.3222E-01
  4.7900E+04  2.8198E+02  8.0178E-03  1.6020E-01  8.3179E-01
  4.9400E+04  2.8297E+02  8.5979E-03  1.6020E-01  8.3120E-01
  5.0900E+04  2.8392E+02  9.4757E-03  1.6020E-01  8.3033E-01
  5.2400E+04  2.8484E+02  1.0674E-02  1.6020E-01  8.2913E-01
  5.3900E+04  2.8573E+02  1.2024E-02  1.6020E-01  8.2778E-01
  5.5300E+04  2.8658E+02  1.3292E-02  1.6020E-01  8.2651E-01
  5.6800E+04  2.8741E+02  1.4301E-02  1.6020E-01  8.2550E-01
  5.8300E+04  2.8822E+02  1.4654E-02  1.6020E-01  8.2515E-01
  5.9800E+04  2.8900E+02  1.4899E-02  1.6020E-01  8.2490E-01
