./cloud_1_1_1/CO2_0.4/inputs/GAM.atm
Created with write_smart_atm.m on 21-Jan-2014

      46 levels
       3 absorbing gases
   32.47 average molecular mass
    mass mixing ratios

     p(Pa)        T(K)        1(H2O)      2(CO2)      22(N2)
  1.6100E+01  2.0300E+02  1.7684E-06  3.7628E-01  6.2372E-01
  4.8200E+01  2.0300E+02  1.7684E-06  3.7628E-01  6.2372E-01
  6.4300E+01  2.0300E+02  1.7684E-06  3.7628E-01  6.2372E-01
  8.0400E+01  2.0300E+02  1.7684E-06  3.7628E-01  6.2372E-01
  1.1300E+02  2.0300E+02  1.7684E-06  3.7628E-01  6.2372E-01
  1.6100E+02  2.0300E+02  1.7684E-06  3.7628E-01  6.2372E-01
  3.2100E+02  2.0300E+02  1.7684E-06  3.7628E-01  6.2372E-01
  4.8200E+02  2.0300E+02  1.7684E-06  3.7628E-01  6.2372E-01
  6.4300E+02  2.0300E+02  1.7684E-06  3.7628E-01  6.2372E-01
  8.0400E+02  2.0300E+02  1.7684E-06  3.7628E-01  6.2372E-01
  1.1300E+03  2.0300E+02  1.7684E-06  3.7628E-01  6.2372E-01
  1.6100E+03  2.0300E+02  1.7684E-06  3.7628E-01  6.2372E-01
  3.2100E+03  2.0300E+02  1.7684E-06  3.7628E-01  6.2372E-01
  4.8200E+03  2.0300E+02  1.7684E-06  3.7628E-01  6.2372E-01
  6.4300E+03  2.0300E+02  1.7684E-06  3.7628E-01  6.2372E-01
  8.0400E+03  2.0300E+02  1.7684E-06  3.7628E-01  6.2372E-01
  1.1300E+04  2.0300E+02  1.7684E-06  3.7628E-01  6.2372E-01
  1.6100E+04  2.0300E+02  1.7684E-06  3.7628E-01  6.2372E-01
  2.4100E+04  2.0300E+02  1.7684E-06  3.7628E-01  6.2372E-01
  3.2100E+04  2.0300E+02  1.7684E-06  3.7628E-01  6.2372E-01
  3.2400E+04  2.0300E+02  1.7684E-06  3.7628E-01  6.2372E-01
  4.0200E+04  2.1452E+02  8.2151E-06  3.7628E-01  6.2371E-01
  4.8200E+04  2.2463E+02  2.5772E-05  3.7628E-01  6.2369E-01
  4.9500E+04  2.2600E+02  3.1237E-05  3.7628E-01  6.2369E-01
  5.6300E+04  2.3345E+02  5.9119E-05  3.7628E-01  6.2366E-01
  6.4300E+04  2.4122E+02  1.1714E-04  3.7628E-01  6.2360E-01
  7.2300E+04  2.4809E+02  2.0473E-04  3.7628E-01  6.2351E-01
  8.0400E+04  2.5417E+02  3.2733E-04  3.7628E-01  6.2339E-01
  8.8400E+04  2.5955E+02  5.1514E-04  3.7628E-01  6.2320E-01
  9.6400E+04  2.6432E+02  7.7618E-04  3.7628E-01  6.2294E-01
  1.0200E+05  2.6700E+02  9.6437E-04  3.7628E-01  6.2275E-01
  1.0400E+05  2.6855E+02  1.0723E-03  3.7628E-01  6.2265E-01
  1.1300E+05  2.7234E+02  1.4197E-03  3.7628E-01  6.2230E-01
  1.1700E+05  2.7408E+02  1.6107E-03  3.7628E-01  6.2211E-01
  1.2100E+05  2.7574E+02  1.7977E-03  3.7628E-01  6.2192E-01
  1.2500E+05  2.7732E+02  1.9808E-03  3.7628E-01  6.2174E-01
  1.2900E+05  2.7884E+02  2.1715E-03  3.7628E-01  6.2155E-01
  1.3200E+05  2.8000E+02  2.3531E-03  3.7628E-01  6.2137E-01
  1.3300E+05  2.8029E+02  2.4065E-03  3.7628E-01  6.2131E-01
  1.3700E+05  2.8168E+02  2.7360E-03  3.7628E-01  6.2098E-01
  1.4100E+05  2.8302E+02  3.1713E-03  3.7628E-01  6.2055E-01
  1.4500E+05  2.8431E+02  3.6702E-03  3.7628E-01  6.2005E-01
  1.4900E+05  2.8554E+02  4.1621E-03  3.7628E-01  6.1956E-01
  1.5300E+05  2.8674E+02  4.5867E-03  3.7628E-01  6.1913E-01
  1.5700E+05  2.8789E+02  4.8071E-03  3.7628E-01  6.1891E-01
  1.6100E+05  2.8900E+02  4.9905E-03  3.7628E-01  6.1873E-01
