./cloud_1_1_1/CO2_1/inputs/GAM.atm
Created with write_smart_atm.m on 23-Jan-2014

      46 levels
       3 absorbing gases
   28.76 average molecular mass
    mass mixing ratios

     p(Pa)        T(K)        1(H2O)      2(CO2)      22(N2)
  2.1500E+01  2.0300E+02  1.3852E-06  7.0514E-02  9.2948E-01
  6.4600E+01  2.0300E+02  1.3852E-06  7.0514E-02  9.2948E-01
  8.6200E+01  2.0300E+02  1.3852E-06  7.0514E-02  9.2948E-01
  1.0800E+02  2.0300E+02  1.3852E-06  7.0514E-02  9.2948E-01
  1.5100E+02  2.0300E+02  1.3852E-06  7.0514E-02  9.2948E-01
  2.1500E+02  2.0300E+02  1.3852E-06  7.0514E-02  9.2948E-01
  4.3100E+02  2.0300E+02  1.3852E-06  7.0514E-02  9.2948E-01
  6.4600E+02  2.0300E+02  1.3852E-06  7.0514E-02  9.2948E-01
  8.6200E+02  2.0300E+02  1.3852E-06  7.0514E-02  9.2948E-01
  1.0800E+03  2.0300E+02  1.3852E-06  7.0514E-02  9.2948E-01
  1.5100E+03  2.0300E+02  1.3852E-06  7.0514E-02  9.2948E-01
  2.1500E+03  2.0300E+02  1.3852E-06  7.0514E-02  9.2948E-01
  4.3100E+03  2.0300E+02  1.3852E-06  7.0514E-02  9.2948E-01
  6.4600E+03  2.0300E+02  1.3852E-06  7.0514E-02  9.2948E-01
  8.6200E+03  2.0300E+02  1.3852E-06  7.0514E-02  9.2948E-01
  1.0800E+04  2.0300E+02  1.3852E-06  7.0514E-02  9.2948E-01
  1.5100E+04  2.0300E+02  1.3852E-06  7.0514E-02  9.2948E-01
  2.1500E+04  2.0300E+02  1.3852E-06  7.0514E-02  9.2948E-01
  3.2300E+04  2.0300E+02  1.3852E-06  7.0514E-02  9.2948E-01
  4.3100E+04  2.0300E+02  1.3852E-06  7.0514E-02  9.2948E-01
  5.3700E+04  2.0300E+02  1.3852E-06  7.0514E-02  9.2948E-01
  5.3900E+04  2.0322E+02  1.4088E-06  7.0514E-02  9.2948E-01
  6.4600E+04  2.1414E+02  5.6781E-06  7.0514E-02  9.2948E-01
  7.5400E+04  2.2379E+02  1.5959E-05  7.0514E-02  9.2947E-01
  7.8200E+04  2.2600E+02  2.1575E-05  7.0514E-02  9.2946E-01
  8.6200E+04  2.3243E+02  3.7593E-05  7.0514E-02  9.2945E-01
  9.6900E+04  2.4023E+02  7.6506E-05  7.0514E-02  9.2941E-01
  1.0800E+05  2.4727E+02  1.4014E-04  7.0514E-02  9.2935E-01
  1.1800E+05  2.5362E+02  2.4895E-04  7.0514E-02  9.2924E-01
  1.2900E+05  2.5933E+02  4.1736E-04  7.0514E-02  9.2907E-01
  1.4000E+05  2.6446E+02  6.3251E-04  7.0514E-02  9.2885E-01
  1.4600E+05  2.6700E+02  7.7900E-04  7.0514E-02  9.2871E-01
  1.5100E+05  2.6906E+02  9.0638E-04  7.0514E-02  9.2858E-01
  1.5600E+05  2.7118E+02  1.0742E-03  7.0514E-02  9.2841E-01
  1.6200E+05  2.7319E+02  1.2568E-03  7.0514E-02  9.2823E-01
  1.6700E+05  2.7510E+02  1.4210E-03  7.0514E-02  9.2806E-01
  1.7200E+05  2.7692E+02  1.5949E-03  7.0514E-02  9.2789E-01
  1.7800E+05  2.7866E+02  1.8071E-03  7.0514E-02  9.2768E-01
  1.8200E+05  2.8000E+02  2.0312E-03  7.0514E-02  9.2745E-01
  1.8300E+05  2.8033E+02  2.0949E-03  7.0514E-02  9.2739E-01
  1.8900E+05  2.8192E+02  2.4742E-03  7.0514E-02  9.2701E-01
  1.9400E+05  2.8345E+02  2.9128E-03  7.0514E-02  9.2657E-01
  1.9900E+05  2.8492E+02  3.3548E-03  7.0514E-02  9.2613E-01
  2.0500E+05  2.8633E+02  3.7515E-03  7.0514E-02  9.2573E-01
  2.1000E+05  2.8769E+02  3.9867E-03  7.0514E-02  9.2550E-01
  2.1500E+05  2.8900E+02  4.1911E-03  7.0514E-02  9.2529E-01
