./cloud_1_1_1/CO2_4.8/inputs/GAM.atm
Created with write_smart_atm.m on 23-Jan-2014

      46 levels
       3 absorbing gases
   28.06 average molecular mass
    mass mixing ratios

     p(Pa)        T(K)        1(H2O)      2(CO2)      22(N2)
  5.0251E+00  2.0300E+02  7.8784E-06  4.7913E-05  9.9994E-01
  1.5100E+01  2.0300E+02  7.8784E-06  4.7913E-05  9.9994E-01
  2.0100E+01  2.0300E+02  7.8784E-06  4.7913E-05  9.9994E-01
  2.5100E+01  2.0300E+02  7.8784E-06  4.7913E-05  9.9994E-01
  3.5200E+01  2.0300E+02  7.8784E-06  4.7913E-05  9.9994E-01
  5.0300E+01  2.0300E+02  7.8784E-06  4.7913E-05  9.9994E-01
  1.0100E+02  2.0300E+02  7.8784E-06  4.7913E-05  9.9994E-01
  1.5100E+02  2.0300E+02  7.8784E-06  4.7913E-05  9.9994E-01
  2.0100E+02  2.0300E+02  7.8784E-06  4.7913E-05  9.9994E-01
  2.5100E+02  2.0300E+02  7.8784E-06  4.7913E-05  9.9994E-01
  3.5200E+02  2.0300E+02  7.8784E-06  4.7913E-05  9.9994E-01
  5.0300E+02  2.0300E+02  7.8784E-06  4.7913E-05  9.9994E-01
  1.0100E+03  2.0300E+02  7.8784E-06  4.7913E-05  9.9994E-01
  1.5100E+03  2.0300E+02  7.8784E-06  4.7913E-05  9.9994E-01
  2.0100E+03  2.0300E+02  7.8784E-06  4.7913E-05  9.9994E-01
  2.5100E+03  2.0300E+02  7.8784E-06  4.7913E-05  9.9994E-01
  3.5200E+03  2.0300E+02  7.8784E-06  4.7913E-05  9.9994E-01
  5.0300E+03  2.0300E+02  7.8784E-06  4.7913E-05  9.9994E-01
  7.5300E+03  2.0300E+02  7.8784E-06  4.7913E-05  9.9994E-01
  7.5400E+03  2.0311E+02  7.9166E-06  4.7913E-05  9.9994E-01
  1.0100E+04  2.2071E+02  7.1469E-05  4.7913E-05  9.9988E-01
  1.1000E+04  2.2600E+02  1.6832E-04  4.7913E-05  9.9978E-01
  1.2600E+04  2.3443E+02  3.4753E-04  4.7913E-05  9.9960E-01
  1.5100E+04  2.4479E+02  9.1231E-04  4.7913E-05  9.9904E-01
  1.7600E+04  2.5254E+02  1.6117E-03  4.7913E-05  9.9834E-01
  2.0100E+04  2.5849E+02  2.4010E-03  4.7913E-05  9.9755E-01
  2.2600E+04  2.6324E+02  3.1901E-03  4.7913E-05  9.9676E-01
  2.5000E+04  2.6700E+02  3.9453E-03  4.7913E-05  9.9601E-01
  2.5100E+04  2.6717E+02  3.9836E-03  4.7913E-05  9.9597E-01
  2.7600E+04  2.7051E+02  5.0548E-03  4.7913E-05  9.9490E-01
  3.0200E+04  2.7340E+02  6.3229E-03  4.7913E-05  9.9363E-01
  3.2700E+04  2.7598E+02  7.2912E-03  4.7913E-05  9.9266E-01
  3.5200E+04  2.7831E+02  8.2860E-03  4.7913E-05  9.9167E-01
  3.6400E+04  2.7940E+02  8.8649E-03  4.7913E-05  9.9109E-01
  3.7200E+04  2.8000E+02  9.1991E-03  4.7913E-05  9.9075E-01
  3.7700E+04  2.8044E+02  9.4386E-03  4.7913E-05  9.9051E-01
  3.8900E+04  2.8144E+02  9.9610E-03  4.7913E-05  9.8999E-01
  4.0200E+04  2.8240E+02  1.0486E-02  4.7913E-05  9.8947E-01
  4.1500E+04  2.8333E+02  1.1195E-02  4.7913E-05  9.8876E-01
  4.2700E+04  2.8422E+02  1.2285E-02  4.7913E-05  9.8767E-01
  4.4000E+04  2.8508E+02  1.3785E-02  4.7913E-05  9.8617E-01
  4.5200E+04  2.8592E+02  1.5476E-02  4.7913E-05  9.8448E-01
  4.6500E+04  2.8672E+02  1.7053E-02  4.7913E-05  9.8290E-01
  4.7700E+04  2.8751E+02  1.8292E-02  4.7913E-05  9.8166E-01
  4.9000E+04  2.8826E+02  1.8688E-02  4.7913E-05  9.8126E-01
  5.0300E+04  2.8900E+02  1.8945E-02  4.7913E-05  9.8101E-01
