./cloud_1_1_1/CO2_2/inputs/GAM.atm
Created with write_smart_atm.m on 23-Jan-2014

      46 levels
       3 absorbing gases
   28.36 average molecular mass
    mass mixing ratios

     p(Pa)        T(K)        1(H2O)      2(CO2)      22(N2)
  5.1768E+00  2.0300E+02  8.1362E-06  2.9346E-02  9.7065E-01
  1.5500E+01  2.0300E+02  8.1362E-06  2.9346E-02  9.7065E-01
  2.0700E+01  2.0300E+02  8.1362E-06  2.9346E-02  9.7065E-01
  2.5900E+01  2.0300E+02  8.1362E-06  2.9346E-02  9.7065E-01
  3.6200E+01  2.0300E+02  8.1362E-06  2.9346E-02  9.7065E-01
  5.1800E+01  2.0300E+02  8.1362E-06  2.9346E-02  9.7065E-01
  1.0400E+02  2.0300E+02  8.1362E-06  2.9346E-02  9.7065E-01
  1.5500E+02  2.0300E+02  8.1362E-06  2.9346E-02  9.7065E-01
  2.0700E+02  2.0300E+02  8.1362E-06  2.9346E-02  9.7065E-01
  2.5900E+02  2.0300E+02  8.1362E-06  2.9346E-02  9.7065E-01
  3.6200E+02  2.0300E+02  8.1362E-06  2.9346E-02  9.7065E-01
  5.1800E+02  2.0300E+02  8.1362E-06  2.9346E-02  9.7065E-01
  1.0400E+03  2.0300E+02  8.1362E-06  2.9346E-02  9.7065E-01
  1.5500E+03  2.0300E+02  8.1362E-06  2.9346E-02  9.7065E-01
  2.0700E+03  2.0300E+02  8.1362E-06  2.9346E-02  9.7065E-01
  2.5900E+03  2.0300E+02  8.1362E-06  2.9346E-02  9.7065E-01
  3.6200E+03  2.0300E+02  8.1362E-06  2.9346E-02  9.7065E-01
  5.1800E+03  2.0300E+02  8.1362E-06  2.9346E-02  9.7065E-01
  7.7700E+03  2.0300E+02  8.1362E-06  2.9346E-02  9.7065E-01
  7.8200E+03  2.0300E+02  8.1362E-06  2.9346E-02  9.7065E-01
  1.0400E+04  2.2005E+02  6.3112E-05  2.9346E-02  9.7059E-01
  1.1500E+04  2.2600E+02  1.6102E-04  2.9346E-02  9.7049E-01
  1.2900E+04  2.3371E+02  3.0762E-04  2.9346E-02  9.7035E-01
  1.5500E+04  2.4413E+02  8.1837E-04  2.9346E-02  9.6984E-01
  1.8100E+04  2.5199E+02  1.4674E-03  2.9346E-02  9.6919E-01
  2.0700E+04  2.5805E+02  2.2126E-03  2.9346E-02  9.6844E-01
  2.3300E+04  2.6289E+02  2.9666E-03  2.9346E-02  9.6769E-01
  2.5900E+04  2.6688E+02  3.7299E-03  2.9346E-02  9.6692E-01
  2.6000E+04  2.6700E+02  3.7592E-03  2.9346E-02  9.6690E-01
  2.8500E+04  2.7028E+02  4.7574E-03  2.9346E-02  9.6590E-01
  3.1100E+04  2.7322E+02  5.9841E-03  2.9346E-02  9.6467E-01
  3.3600E+04  2.7583E+02  6.9228E-03  2.9346E-02  9.6373E-01
  3.6200E+04  2.7819E+02  7.8823E-03  2.9346E-02  9.6277E-01
  3.7500E+04  2.7929E+02  8.4421E-03  2.9346E-02  9.6221E-01
  3.8400E+04  2.8000E+02  8.8171E-03  2.9346E-02  9.6184E-01
  3.8800E+04  2.8035E+02  8.9970E-03  2.9346E-02  9.6166E-01
  4.0100E+04  2.8136E+02  9.5031E-03  2.9346E-02  9.6115E-01
  4.1400E+04  2.8233E+02  1.0012E-02  2.9346E-02  9.6064E-01
  4.2700E+04  2.8327E+02  1.0696E-02  2.9346E-02  9.5996E-01
  4.4000E+04  2.8417E+02  1.1746E-02  2.9346E-02  9.5891E-01
  4.5300E+04  2.8504E+02  1.3190E-02  2.9346E-02  9.5746E-01
  4.6600E+04  2.8588E+02  1.4816E-02  2.9346E-02  9.5584E-01
  4.7900E+04  2.8670E+02  1.6335E-02  2.9346E-02  9.5432E-01
  4.9200E+04  2.8749E+02  1.7531E-02  2.9346E-02  9.5312E-01
  5.0500E+04  2.8826E+02  1.7919E-02  2.9346E-02  9.5274E-01
  5.1800E+04  2.8900E+02  1.8175E-02  2.9346E-02  9.5248E-01
