./cloud_1_1_1/CH4_4.6/inputs/GAM.atm
Created with write_smart_atm.m on 07-Nov-2013

      49 levels
       3 absorbing gases
   28.06 average molecular mass
    mass mixing ratios

     p(Pa)        T(K)        1(H2O)      6(CH4)      22(N2)
  5.0249E+00  2.0300E+02  7.8613E-06  2.7678E-05  9.9996E-01
  1.5075E+01  2.0300E+02  7.8613E-06  2.7678E-05  9.9996E-01
  2.0099E+01  2.0300E+02  7.8613E-06  2.7678E-05  9.9996E-01
  2.5124E+01  2.0300E+02  7.8613E-06  2.7678E-05  9.9996E-01
  3.5174E+01  2.0300E+02  7.8613E-06  2.7678E-05  9.9996E-01
  4.7823E+01  2.0300E+02  7.8613E-06  2.7678E-05  9.9996E-01
  5.0249E+01  2.0300E+02  7.8613E-06  2.7678E-05  9.9996E-01
  1.0050E+02  2.0300E+02  7.8613E-06  2.7678E-05  9.9996E-01
  1.5075E+02  2.0300E+02  7.8613E-06  2.7678E-05  9.9996E-01
  1.5513E+02  2.0300E+02  7.8613E-06  2.7678E-05  9.9996E-01
  2.0099E+02  2.0300E+02  7.8613E-06  2.7678E-05  9.9996E-01
  2.5124E+02  2.0300E+02  7.8613E-06  2.7678E-05  9.9996E-01
  2.6702E+02  2.0300E+02  7.8613E-06  2.7678E-05  9.9996E-01
  3.5174E+02  2.0300E+02  7.8613E-06  2.7678E-05  9.9996E-01
  5.0249E+02  2.0300E+02  7.8613E-06  2.7678E-05  9.9996E-01
  1.0050E+03  2.0300E+02  7.8613E-06  2.7678E-05  9.9996E-01
  1.5075E+03  2.0300E+02  7.8613E-06  2.7678E-05  9.9996E-01
  2.0099E+03  2.0300E+02  7.8613E-06  2.7678E-05  9.9996E-01
  2.3912E+03  2.0300E+02  7.8613E-06  2.7678E-05  9.9996E-01
  2.5124E+03  2.0300E+02  7.8613E-06  2.7678E-05  9.9996E-01
  3.5174E+03  2.0300E+02  7.8613E-06  2.7678E-05  9.9996E-01
  5.0249E+03  2.0300E+02  7.8613E-06  2.7678E-05  9.9996E-01
  7.5262E+03  2.0300E+02  7.8613E-06  2.7678E-05  9.9996E-01
  7.5373E+03  2.0310E+02  7.8950E-06  2.7678E-05  9.9996E-01
  7.7564E+03  2.0481E+02  9.8765E-06  2.7678E-05  9.9996E-01
  1.0050E+04  2.2070E+02  7.1248E-05  2.7678E-05  9.9990E-01
  1.2562E+04  2.3441E+02  3.4649E-04  2.7678E-05  9.9963E-01
  1.3351E+04  2.3800E+02  4.9841E-04  2.7678E-05  9.9947E-01
  1.5075E+04  2.4477E+02  9.0993E-04  2.7678E-05  9.9906E-01
  1.7587E+04  2.5252E+02  1.6082E-03  2.7678E-05  9.9836E-01
  2.0099E+04  2.5848E+02  2.3965E-03  2.7678E-05  9.9758E-01
  2.2612E+04  2.6323E+02  3.1849E-03  2.7678E-05  9.9679E-01
  2.5124E+04  2.6716E+02  3.9779E-03  2.7678E-05  9.9599E-01
  2.7637E+04  2.7050E+02  5.0482E-03  2.7678E-05  9.9492E-01
  3.0149E+04  2.7340E+02  6.3155E-03  2.7678E-05  9.9366E-01
  3.2662E+04  2.7598E+02  7.2833E-03  2.7678E-05  9.9269E-01
  3.5174E+04  2.7831E+02  8.2775E-03  2.7678E-05  9.9169E-01
  3.6430E+04  2.7940E+02  8.8561E-03  2.7678E-05  9.9112E-01
  3.7687E+04  2.8044E+02  9.4294E-03  2.7678E-05  9.9054E-01
  3.8943E+04  2.8144E+02  9.9516E-03  2.7678E-05  9.9002E-01
  4.0199E+04  2.8240E+02  1.0477E-02  2.7678E-05  9.8950E-01
  4.1455E+04  2.8333E+02  1.1185E-02  2.7678E-05  9.8879E-01
  4.2711E+04  2.8422E+02  1.2274E-02  2.7678E-05  9.8770E-01
  4.3968E+04  2.8508E+02  1.3773E-02  2.7678E-05  9.8620E-01
  4.5224E+04  2.8592E+02  1.5462E-02  2.7678E-05  9.8451E-01
  4.6480E+04  2.8672E+02  1.7038E-02  2.7678E-05  9.8293E-01
  4.7736E+04  2.8750E+02  1.8277E-02  2.7678E-05  9.8170E-01
  4.8993E+04  2.8826E+02  1.8672E-02  2.7678E-05  9.8130E-01
  5.0249E+04  2.8900E+02  1.8930E-02  2.7678E-05  9.8104E-01
