./cloud_1_1_1/CO2_0.2/inputs/GAM.atm
Created with write_smart_atm.m on 22-Jan-2014

      45 levels
       3 absorbing gases
   34.08 average molecular mass
    mass mixing ratios

     p(Pa)        T(K)        1(H2O)      2(CO2)      22(N2)
  1.9600E+01  2.0300E+02  1.4449E-06  4.8879E-01  5.1121E-01
  5.8800E+01  2.0300E+02  1.4449E-06  4.8879E-01  5.1121E-01
  7.8400E+01  2.0300E+02  1.4449E-06  4.8879E-01  5.1121E-01
  9.8100E+01  2.0300E+02  1.4449E-06  4.8879E-01  5.1121E-01
  1.3700E+02  2.0300E+02  1.4449E-06  4.8879E-01  5.1121E-01
  1.9600E+02  2.0300E+02  1.4449E-06  4.8879E-01  5.1121E-01
  3.9200E+02  2.0300E+02  1.4449E-06  4.8879E-01  5.1121E-01
  5.8800E+02  2.0300E+02  1.4449E-06  4.8879E-01  5.1121E-01
  7.8400E+02  2.0300E+02  1.4449E-06  4.8879E-01  5.1121E-01
  9.8100E+02  2.0300E+02  1.4449E-06  4.8879E-01  5.1121E-01
  1.3700E+03  2.0300E+02  1.4449E-06  4.8879E-01  5.1121E-01
  1.9600E+03  2.0300E+02  1.4449E-06  4.8879E-01  5.1121E-01
  3.9200E+03  2.0300E+02  1.4449E-06  4.8879E-01  5.1121E-01
  5.8800E+03  2.0300E+02  1.4449E-06  4.8879E-01  5.1121E-01
  7.8400E+03  2.0300E+02  1.4449E-06  4.8879E-01  5.1121E-01
  9.8100E+03  2.0300E+02  1.4449E-06  4.8879E-01  5.1121E-01
  1.3700E+04  2.0300E+02  1.4449E-06  4.8879E-01  5.1121E-01
  1.9600E+04  2.0300E+02  1.4449E-06  4.8879E-01  5.1121E-01
  2.9400E+04  2.0300E+02  1.4449E-06  4.8879E-01  5.1121E-01
  3.8400E+04  2.0300E+02  1.4449E-06  4.8879E-01  5.1121E-01
  3.9200E+04  2.0417E+02  1.5797E-06  4.8879E-01  5.1121E-01
  4.9000E+04  2.1550E+02  7.3107E-06  4.8879E-01  5.1120E-01
  5.8800E+04  2.2518E+02  2.1517E-05  4.8879E-01  5.1119E-01
  5.9800E+04  2.2600E+02  2.4148E-05  4.8879E-01  5.1119E-01
  6.8600E+04  2.3363E+02  4.7096E-05  4.8879E-01  5.1116E-01
  7.8400E+04  2.4110E+02  9.0241E-05  4.8879E-01  5.1112E-01
  8.8200E+04  2.4774E+02  1.5424E-04  4.8879E-01  5.1106E-01
  9.8100E+04  2.5367E+02  2.4346E-04  4.8879E-01  5.1097E-01
  1.0800E+05  2.5897E+02  3.8110E-04  4.8879E-01  5.1083E-01
  1.1800E+05  2.6371E+02  5.7430E-04  4.8879E-01  5.1064E-01
  1.2500E+05  2.6700E+02  7.4575E-04  4.8879E-01  5.1046E-01
  1.2700E+05  2.6798E+02  7.9649E-04  4.8879E-01  5.1041E-01
  1.3700E+05  2.7182E+02  1.0610E-03  4.8879E-01  5.1015E-01
  1.4200E+05  2.7360E+02  1.2141E-03  4.8879E-01  5.1000E-01
  1.4700E+05  2.7530E+02  1.3584E-03  4.8879E-01  5.0985E-01
  1.5200E+05  2.7693E+02  1.5020E-03  4.8879E-01  5.0971E-01
  1.5700E+05  2.7849E+02  1.6519E-03  4.8879E-01  5.0956E-01
  1.6200E+05  2.8000E+02  1.8396E-03  4.8879E-01  5.0937E-01
  1.6700E+05  2.8142E+02  2.0945E-03  4.8879E-01  5.0911E-01
  1.7200E+05  2.8280E+02  2.4361E-03  4.8879E-01  5.0877E-01
  1.7600E+05  2.8413E+02  2.8268E-03  4.8879E-01  5.0838E-01
  1.8100E+05  2.8541E+02  3.2157E-03  4.8879E-01  5.0799E-01
  1.8600E+05  2.8665E+02  3.5544E-03  4.8879E-01  5.0766E-01
  1.9100E+05  2.8784E+02  3.7358E-03  4.8879E-01  5.0747E-01
  1.9600E+05  2.8900E+02  3.8888E-03  4.8879E-01  5.0732E-01
