./cloud_1_1_1/CH4_4.8/inputs/GAM.atm
Created with write_smart_atm.m on 07-Nov-2013

      49 levels
       3 absorbing gases
   28.06 average molecular mass
    mass mixing ratios

     p(Pa)        T(K)        1(H2O)      6(CH4)      22(N2)
  5.0249E+00  2.0300E+02  7.8613E-06  1.7463E-05  9.9997E-01
  1.5075E+01  2.0300E+02  7.8613E-06  1.7463E-05  9.9997E-01
  2.0099E+01  2.0300E+02  7.8613E-06  1.7463E-05  9.9997E-01
  2.5124E+01  2.0300E+02  7.8613E-06  1.7463E-05  9.9997E-01
  3.5174E+01  2.0300E+02  7.8613E-06  1.7463E-05  9.9997E-01
  4.7823E+01  2.0300E+02  7.8613E-06  1.7463E-05  9.9997E-01
  5.0249E+01  2.0300E+02  7.8613E-06  1.7463E-05  9.9997E-01
  1.0050E+02  2.0300E+02  7.8613E-06  1.7463E-05  9.9997E-01
  1.5075E+02  2.0300E+02  7.8613E-06  1.7463E-05  9.9997E-01
  1.5513E+02  2.0300E+02  7.8613E-06  1.7463E-05  9.9997E-01
  2.0099E+02  2.0300E+02  7.8613E-06  1.7463E-05  9.9997E-01
  2.5124E+02  2.0300E+02  7.8613E-06  1.7463E-05  9.9997E-01
  2.6702E+02  2.0300E+02  7.8613E-06  1.7463E-05  9.9997E-01
  3.5174E+02  2.0300E+02  7.8613E-06  1.7463E-05  9.9997E-01
  5.0249E+02  2.0300E+02  7.8613E-06  1.7463E-05  9.9997E-01
  1.0050E+03  2.0300E+02  7.8613E-06  1.7463E-05  9.9997E-01
  1.5075E+03  2.0300E+02  7.8613E-06  1.7463E-05  9.9997E-01
  2.0099E+03  2.0300E+02  7.8613E-06  1.7463E-05  9.9997E-01
  2.3912E+03  2.0300E+02  7.8613E-06  1.7463E-05  9.9997E-01
  2.5124E+03  2.0300E+02  7.8613E-06  1.7463E-05  9.9997E-01
  3.5174E+03  2.0300E+02  7.8613E-06  1.7463E-05  9.9997E-01
  5.0249E+03  2.0300E+02  7.8613E-06  1.7463E-05  9.9997E-01
  7.5262E+03  2.0300E+02  7.8613E-06  1.7463E-05  9.9997E-01
  7.5373E+03  2.0310E+02  7.8950E-06  1.7463E-05  9.9997E-01
  7.7564E+03  2.0481E+02  9.8765E-06  1.7463E-05  9.9997E-01
  1.0050E+04  2.2070E+02  7.1248E-05  1.7463E-05  9.9991E-01
  1.2562E+04  2.3441E+02  3.4649E-04  1.7463E-05  9.9964E-01
  1.3351E+04  2.3800E+02  4.9841E-04  1.7463E-05  9.9948E-01
  1.5075E+04  2.4477E+02  9.0993E-04  1.7463E-05  9.9907E-01
  1.7587E+04  2.5252E+02  1.6082E-03  1.7463E-05  9.9837E-01
  2.0099E+04  2.5848E+02  2.3965E-03  1.7463E-05  9.9759E-01
  2.2612E+04  2.6323E+02  3.1849E-03  1.7463E-05  9.9680E-01
  2.5124E+04  2.6716E+02  3.9779E-03  1.7463E-05  9.9600E-01
  2.7637E+04  2.7050E+02  5.0482E-03  1.7463E-05  9.9493E-01
  3.0149E+04  2.7340E+02  6.3155E-03  1.7463E-05  9.9367E-01
  3.2662E+04  2.7598E+02  7.2833E-03  1.7463E-05  9.9270E-01
  3.5174E+04  2.7831E+02  8.2775E-03  1.7463E-05  9.9171E-01
  3.6430E+04  2.7940E+02  8.8561E-03  1.7463E-05  9.9113E-01
  3.7687E+04  2.8044E+02  9.4294E-03  1.7463E-05  9.9055E-01
  3.8943E+04  2.8144E+02  9.9516E-03  1.7463E-05  9.9003E-01
  4.0199E+04  2.8240E+02  1.0477E-02  1.7463E-05  9.8951E-01
  4.1455E+04  2.8333E+02  1.1185E-02  1.7463E-05  9.8880E-01
  4.2711E+04  2.8422E+02  1.2274E-02  1.7463E-05  9.8771E-01
  4.3968E+04  2.8508E+02  1.3773E-02  1.7463E-05  9.8621E-01
  4.5224E+04  2.8592E+02  1.5462E-02  1.7463E-05  9.8452E-01
  4.6480E+04  2.8672E+02  1.7038E-02  1.7463E-05  9.8294E-01
  4.7736E+04  2.8750E+02  1.8277E-02  1.7463E-05  9.8171E-01
  4.8993E+04  2.8826E+02  1.8672E-02  1.7463E-05  9.8131E-01
  5.0249E+04  2.8900E+02  1.8930E-02  1.7463E-05  9.8105E-01
