./cloud_1_1_1/CO2_1.6/inputs/GAM.atm
Created with write_smart_atm.m on 21-Jan-2014

      46 levels
       3 absorbing gases
   28.41 average molecular mass
    mass mixing ratios

     p(Pa)        T(K)        1(H2O)      2(CO2)      22(N2)
  1.0400E+01  2.0300E+02  4.0488E-06  3.6669E-02  9.6333E-01
  3.1200E+01  2.0300E+02  4.0488E-06  3.6669E-02  9.6333E-01
  4.1600E+01  2.0300E+02  4.0488E-06  3.6669E-02  9.6333E-01
  5.2000E+01  2.0300E+02  4.0488E-06  3.6669E-02  9.6333E-01
  7.2800E+01  2.0300E+02  4.0488E-06  3.6669E-02  9.6333E-01
  1.0400E+02  2.0300E+02  4.0488E-06  3.6669E-02  9.6333E-01
  2.0800E+02  2.0300E+02  4.0488E-06  3.6669E-02  9.6333E-01
  3.1200E+02  2.0300E+02  4.0488E-06  3.6669E-02  9.6333E-01
  4.1600E+02  2.0300E+02  4.0488E-06  3.6669E-02  9.6333E-01
  5.2000E+02  2.0300E+02  4.0488E-06  3.6669E-02  9.6333E-01
  7.2800E+02  2.0300E+02  4.0488E-06  3.6669E-02  9.6333E-01
  1.0400E+03  2.0300E+02  4.0488E-06  3.6669E-02  9.6333E-01
  2.0800E+03  2.0300E+02  4.0488E-06  3.6669E-02  9.6333E-01
  3.1200E+03  2.0300E+02  4.0488E-06  3.6669E-02  9.6333E-01
  4.1600E+03  2.0300E+02  4.0488E-06  3.6669E-02  9.6333E-01
  5.2000E+03  2.0300E+02  4.0488E-06  3.6669E-02  9.6333E-01
  7.2800E+03  2.0300E+02  4.0488E-06  3.6669E-02  9.6333E-01
  1.0400E+04  2.0300E+02  4.0488E-06  3.6669E-02  9.6333E-01
  1.5600E+04  2.0300E+02  4.0488E-06  3.6669E-02  9.6333E-01
  2.0800E+04  2.0300E+02  4.0488E-06  3.6669E-02  9.6333E-01
  2.2200E+04  2.0300E+02  4.0488E-06  3.6669E-02  9.6333E-01
  2.6000E+04  2.1282E+02  1.1538E-05  3.6669E-02  9.6332E-01
  3.1200E+04  2.2427E+02  4.3516E-05  3.6669E-02  9.6329E-01
  3.2100E+04  2.2600E+02  5.6367E-05  3.6669E-02  9.6327E-01
  3.6400E+04  2.3420E+02  1.1351E-04  3.6669E-02  9.6322E-01
  4.1600E+04  2.4280E+02  2.4405E-04  3.6669E-02  9.6309E-01
  4.6800E+04  2.5018E+02  4.4471E-04  3.6669E-02  9.6289E-01
  5.2000E+04  2.5648E+02  7.1891E-04  3.6669E-02  9.6261E-01
  5.7200E+04  2.6184E+02  1.1208E-03  3.6669E-02  9.6221E-01
  6.2400E+04  2.6644E+02  1.6535E-03  3.6669E-02  9.6168E-01
  6.3200E+04  2.6700E+02  1.7347E-03  3.6669E-02  9.6160E-01
  6.7600E+04  2.7043E+02  2.2250E-03  3.6669E-02  9.6111E-01
  7.2800E+04  2.7392E+02  2.8455E-03  3.6669E-02  9.6049E-01
  7.5400E+04  2.7551E+02  3.1651E-03  3.6669E-02  9.6017E-01
  7.8000E+04  2.7703E+02  3.4904E-03  3.6669E-02  9.5984E-01
  8.0700E+04  2.7847E+02  3.8065E-03  3.6669E-02  9.5952E-01
  8.3300E+04  2.7985E+02  4.1287E-03  3.6669E-02  9.5920E-01
  8.3600E+04  2.8000E+02  4.1687E-03  3.6669E-02  9.5916E-01
  8.5900E+04  2.8116E+02  4.5291E-03  3.6669E-02  9.5880E-01
  8.8500E+04  2.8242E+02  5.1009E-03  3.6669E-02  9.5823E-01
  9.1100E+04  2.8363E+02  5.8612E-03  3.6669E-02  9.5747E-01
  9.3700E+04  2.8478E+02  6.7236E-03  3.6669E-02  9.5661E-01
  9.6300E+04  2.8590E+02  7.5601E-03  3.6669E-02  9.5577E-01
  9.8900E+04  2.8697E+02  8.2651E-03  3.6669E-02  9.5507E-01
  1.0100E+05  2.8800E+02  8.5977E-03  3.6669E-02  9.5473E-01
  1.0400E+05  2.8900E+02  8.8630E-03  3.6669E-02  9.5447E-01
