./cloud_1_1_1/CO2_0.2/inputs/GAM.atm
Created with write_smart_atm.m on 23-Jan-2014

      46 levels
       3 absorbing gases
   31.76 average molecular mass
    mass mixing ratios

     p(Pa)        T(K)        1(H2O)      2(CO2)      22(N2)
  2.9600E+01  2.0300E+02  1.1465E-06  3.2372E-01  6.7628E-01
  8.8800E+01  2.0300E+02  1.1465E-06  3.2372E-01  6.7628E-01
  1.1800E+02  2.0300E+02  1.1465E-06  3.2372E-01  6.7628E-01
  1.4800E+02  2.0300E+02  1.1465E-06  3.2372E-01  6.7628E-01
  2.0700E+02  2.0300E+02  1.1465E-06  3.2372E-01  6.7628E-01
  2.9600E+02  2.0300E+02  1.1465E-06  3.2372E-01  6.7628E-01
  5.9200E+02  2.0300E+02  1.1465E-06  3.2372E-01  6.7628E-01
  8.8800E+02  2.0300E+02  1.1465E-06  3.2372E-01  6.7628E-01
  1.1800E+03  2.0300E+02  1.1465E-06  3.2372E-01  6.7628E-01
  1.4800E+03  2.0300E+02  1.1465E-06  3.2372E-01  6.7628E-01
  2.0700E+03  2.0300E+02  1.1465E-06  3.2372E-01  6.7628E-01
  2.9600E+03  2.0300E+02  1.1465E-06  3.2372E-01  6.7628E-01
  5.9200E+03  2.0300E+02  1.1465E-06  3.2372E-01  6.7628E-01
  8.8800E+03  2.0300E+02  1.1465E-06  3.2372E-01  6.7628E-01
  1.1800E+04  2.0300E+02  1.1465E-06  3.2372E-01  6.7628E-01
  1.4800E+04  2.0300E+02  1.1465E-06  3.2372E-01  6.7628E-01
  2.0700E+04  2.0300E+02  1.1465E-06  3.2372E-01  6.7628E-01
  2.9600E+04  2.0300E+02  1.1465E-06  3.2372E-01  6.7628E-01
  4.4400E+04  2.0300E+02  1.1465E-06  3.2372E-01  6.7628E-01
  5.9200E+04  2.0300E+02  1.1465E-06  3.2372E-01  6.7628E-01
  6.8100E+04  2.0300E+02  1.1465E-06  3.2372E-01  6.7628E-01
  7.4000E+04  2.0769E+02  1.7771E-06  3.2372E-01  6.7628E-01
  8.8800E+04  2.1776E+02  6.0321E-06  3.2372E-01  6.7628E-01
  1.0300E+05  2.2600E+02  1.4247E-05  3.2372E-01  6.7627E-01
  1.0400E+05  2.2663E+02  1.4847E-05  3.2372E-01  6.7627E-01
  1.1800E+05  2.3456E+02  3.1501E-05  3.2372E-01  6.7625E-01
  1.3300E+05  2.4172E+02  5.9033E-05  3.2372E-01  6.7623E-01
  1.4800E+05  2.4821E+02  1.0145E-04  3.2372E-01  6.7618E-01
  1.6300E+05  2.5411E+02  1.7191E-04  3.2372E-01  6.7611E-01
  1.7800E+05  2.5949E+02  2.7885E-04  3.2372E-01  6.7601E-01
  1.9200E+05  2.6439E+02  4.1383E-04  3.2372E-01  6.7587E-01
  2.0100E+05  2.6700E+02  5.1176E-04  3.2372E-01  6.7577E-01
  2.0700E+05  2.6885E+02  5.8625E-04  3.2372E-01  6.7570E-01
  2.1500E+05  2.7093E+02  6.9274E-04  3.2372E-01  6.7559E-01
  2.2200E+05  2.7292E+02  8.0944E-04  3.2372E-01  6.7548E-01
  2.2900E+05  2.7483E+02  9.1754E-04  3.2372E-01  6.7537E-01
  2.3700E+05  2.7665E+02  1.0301E-03  3.2372E-01  6.7525E-01
  2.4400E+05  2.7841E+02  1.1680E-03  3.2372E-01  6.7512E-01
  2.5100E+05  2.8000E+02  1.3439E-03  3.2372E-01  6.7494E-01
  2.5200E+05  2.8009E+02  1.3561E-03  3.2372E-01  6.7493E-01
  2.5900E+05  2.8172E+02  1.6054E-03  3.2372E-01  6.7468E-01
  2.6600E+05  2.8328E+02  1.8936E-03  3.2372E-01  6.7439E-01
  2.7400E+05  2.8479E+02  2.1871E-03  3.2372E-01  6.7410E-01
  2.8100E+05  2.8624E+02  2.4518E-03  3.2372E-01  6.7383E-01
  2.8900E+05  2.8764E+02  2.6132E-03  3.2372E-01  6.7367E-01
  2.9600E+05  2.8900E+02  2.7553E-03  3.2372E-01  6.7353E-01
