./cloud_1_1_1/CO2_2.8/inputs/GAM.atm
Created with write_smart_atm.m on 23-Jan-2014

      44 levels
       3 absorbing gases
   28.10 average molecular mass
    mass mixing ratios

     p(Pa)        T(K)        1(H2O)      2(CO2)      22(N2)
  5.0490E+00  2.0300E+02  7.7640E-06  4.7687E-03  9.9522E-01
  1.5100E+01  2.0300E+02  7.7640E-06  4.7687E-03  9.9522E-01
  2.0200E+01  2.0300E+02  7.7640E-06  4.7687E-03  9.9522E-01
  2.5200E+01  2.0300E+02  7.7640E-06  4.7687E-03  9.9522E-01
  3.5300E+01  2.0300E+02  7.7640E-06  4.7687E-03  9.9522E-01
  5.0500E+01  2.0300E+02  7.7640E-06  4.7687E-03  9.9522E-01
  1.0100E+02  2.0300E+02  7.7640E-06  4.7687E-03  9.9522E-01
  1.5100E+02  2.0300E+02  7.7640E-06  4.7687E-03  9.9522E-01
  2.0200E+02  2.0300E+02  7.7640E-06  4.7687E-03  9.9522E-01
  2.5200E+02  2.0300E+02  7.7640E-06  4.7687E-03  9.9522E-01
  3.5300E+02  2.0300E+02  7.7640E-06  4.7687E-03  9.9522E-01
  5.0500E+02  2.0300E+02  7.7640E-06  4.7687E-03  9.9522E-01
  1.0100E+03  2.0300E+02  7.7640E-06  4.7687E-03  9.9522E-01
  1.5100E+03  2.0300E+02  7.7640E-06  4.7687E-03  9.9522E-01
  2.0200E+03  2.0300E+02  7.7640E-06  4.7687E-03  9.9522E-01
  2.5200E+03  2.0300E+02  7.7640E-06  4.7687E-03  9.9522E-01
  3.5300E+03  2.0300E+02  7.7640E-06  4.7687E-03  9.9522E-01
  5.0500E+03  2.0300E+02  7.7640E-06  4.7687E-03  9.9522E-01
  7.5700E+03  2.0304E+02  7.7761E-06  4.7687E-03  9.9522E-01
  1.0100E+04  2.2061E+02  7.0044E-05  4.7687E-03  9.9516E-01
  1.1100E+04  2.2600E+02  1.6719E-04  4.7687E-03  9.9506E-01
  1.2600E+04  2.3432E+02  3.4077E-04  4.7687E-03  9.9489E-01
  1.5100E+04  2.4468E+02  8.9658E-04  4.7687E-03  9.9433E-01
  1.7700E+04  2.5245E+02  1.5878E-03  4.7687E-03  9.9364E-01
  2.0200E+04  2.5842E+02  2.3699E-03  4.7687E-03  9.9286E-01
  2.2700E+04  2.6319E+02  3.1534E-03  4.7687E-03  9.9208E-01
  2.5200E+04  2.6712E+02  3.9421E-03  4.7687E-03  9.9129E-01
  2.7800E+04  2.7047E+02  5.0063E-03  4.7687E-03  9.9022E-01
  3.0300E+04  2.7337E+02  6.2677E-03  4.7687E-03  9.8896E-01
  3.2800E+04  2.7596E+02  7.2313E-03  4.7687E-03  9.8800E-01
  3.5300E+04  2.7829E+02  8.2204E-03  4.7687E-03  9.8701E-01
  3.6600E+04  2.7938E+02  8.7962E-03  4.7687E-03  9.8644E-01
  3.7400E+04  2.8000E+02  9.1371E-03  4.7687E-03  9.8609E-01
  3.7900E+04  2.8043E+02  9.3668E-03  4.7687E-03  9.8586E-01
  3.9100E+04  2.8143E+02  9.8866E-03  4.7687E-03  9.8534E-01
  4.0400E+04  2.8239E+02  1.0409E-02  4.7687E-03  9.8482E-01
  4.1700E+04  2.8332E+02  1.1114E-02  4.7687E-03  9.8412E-01
  4.2900E+04  2.8421E+02  1.2198E-02  4.7687E-03  9.8303E-01
  4.4200E+04  2.8508E+02  1.3688E-02  4.7687E-03  9.8154E-01
  4.5400E+04  2.8591E+02  1.5369E-02  4.7687E-03  9.7986E-01
  4.6700E+04  2.8672E+02  1.6936E-02  4.7687E-03  9.7829E-01
  4.8000E+04  2.8750E+02  1.8168E-02  4.7687E-03  9.7706E-01
  4.9200E+04  2.8826E+02  1.8563E-02  4.7687E-03  9.7667E-01
  5.0500E+04  2.8900E+02  1.8820E-02  4.7687E-03  9.7641E-01
