./cloud_1_1_1/CO2_1.6/inputs/GAM.atm
Created with write_smart_atm.m on 23-Jan-2014

      46 levels
       3 absorbing gases
   28.22 average molecular mass
    mass mixing ratios

     p(Pa)        T(K)        1(H2O)      2(CO2)      22(N2)
  2.0400E+01  2.0300E+02  1.5732E-06  1.8700E-02  9.8130E-01
  6.1200E+01  2.0300E+02  1.5732E-06  1.8700E-02  9.8130E-01
  8.1600E+01  2.0300E+02  1.5732E-06  1.8700E-02  9.8130E-01
  1.0200E+02  2.0300E+02  1.5732E-06  1.8700E-02  9.8130E-01
  1.4300E+02  2.0300E+02  1.5732E-06  1.8700E-02  9.8130E-01
  2.0400E+02  2.0300E+02  1.5732E-06  1.8700E-02  9.8130E-01
  4.0800E+02  2.0300E+02  1.5732E-06  1.8700E-02  9.8130E-01
  6.1200E+02  2.0300E+02  1.5732E-06  1.8700E-02  9.8130E-01
  8.1600E+02  2.0300E+02  1.5732E-06  1.8700E-02  9.8130E-01
  1.0200E+03  2.0300E+02  1.5732E-06  1.8700E-02  9.8130E-01
  1.4300E+03  2.0300E+02  1.5732E-06  1.8700E-02  9.8130E-01
  2.0400E+03  2.0300E+02  1.5732E-06  1.8700E-02  9.8130E-01
  4.0800E+03  2.0300E+02  1.5732E-06  1.8700E-02  9.8130E-01
  6.1200E+03  2.0300E+02  1.5732E-06  1.8700E-02  9.8130E-01
  8.1600E+03  2.0300E+02  1.5732E-06  1.8700E-02  9.8130E-01
  1.0200E+04  2.0300E+02  1.5732E-06  1.8700E-02  9.8130E-01
  1.4300E+04  2.0300E+02  1.5732E-06  1.8700E-02  9.8130E-01
  2.0400E+04  2.0300E+02  1.5732E-06  1.8700E-02  9.8130E-01
  3.0600E+04  2.0300E+02  1.5732E-06  1.8700E-02  9.8130E-01
  4.0800E+04  2.0300E+02  1.5732E-06  1.8700E-02  9.8130E-01
  5.1000E+04  2.0300E+02  1.5732E-06  1.8700E-02  9.8130E-01
  5.1600E+04  2.0300E+02  1.5732E-06  1.8700E-02  9.8130E-01
  6.1200E+04  2.1347E+02  5.5840E-06  1.8700E-02  9.8129E-01
  7.1400E+04  2.2328E+02  1.6127E-05  1.8700E-02  9.8128E-01
  7.4600E+04  2.2600E+02  2.3247E-05  1.8700E-02  9.8128E-01
  8.1600E+04  2.3207E+02  3.8811E-05  1.8700E-02  9.8126E-01
  9.1800E+04  2.3999E+02  8.0307E-05  1.8700E-02  9.8122E-01
  1.0200E+05  2.4714E+02  1.4895E-04  1.8700E-02  9.8115E-01
  1.1200E+05  2.5358E+02  2.6698E-04  1.8700E-02  9.8103E-01
  1.2200E+05  2.5936E+02  4.5016E-04  1.8700E-02  9.8085E-01
  1.3300E+05  2.6452E+02  6.8441E-04  1.8700E-02  9.8062E-01
  1.3800E+05  2.6700E+02  8.3907E-04  1.8700E-02  9.8046E-01
  1.4300E+05  2.6914E+02  9.8203E-04  1.8700E-02  9.8032E-01
  1.4800E+05  2.7126E+02  1.1640E-03  1.8700E-02  9.8014E-01
  1.5300E+05  2.7327E+02  1.3608E-03  1.8700E-02  9.7994E-01
  1.5800E+05  2.7517E+02  1.5379E-03  1.8700E-02  9.7976E-01
  1.6300E+05  2.7699E+02  1.7254E-03  1.8700E-02  9.7957E-01
  1.6800E+05  2.7873E+02  1.9541E-03  1.8700E-02  9.7935E-01
  1.7200E+05  2.8000E+02  2.1835E-03  1.8700E-02  9.7912E-01
  1.7300E+05  2.8039E+02  2.2643E-03  1.8700E-02  9.7904E-01
  1.7900E+05  2.8197E+02  2.6724E-03  1.8700E-02  9.7863E-01
  1.8400E+05  2.8349E+02  3.1443E-03  1.8700E-02  9.7816E-01
  1.8900E+05  2.8495E+02  3.6190E-03  1.8700E-02  9.7768E-01
  1.9400E+05  2.8635E+02  4.0445E-03  1.8700E-02  9.7726E-01
  1.9900E+05  2.8770E+02  4.2951E-03  1.8700E-02  9.7701E-01
  2.0400E+05  2.8900E+02  4.5124E-03  1.8700E-02  9.7679E-01
