./cloud_1_1_1/CO2_4.2/inputs/GAM.atm
Created with write_smart_atm.m on 23-Jan-2014

      46 levels
       3 absorbing gases
   28.06 average molecular mass
    mass mixing ratios

     p(Pa)        T(K)        1(H2O)      2(CO2)      22(N2)
  5.0258E+00  2.0300E+02  7.8749E-06  1.9072E-04  9.9980E-01
  1.5100E+01  2.0300E+02  7.8749E-06  1.9072E-04  9.9980E-01
  2.0100E+01  2.0300E+02  7.8749E-06  1.9072E-04  9.9980E-01
  2.5100E+01  2.0300E+02  7.8749E-06  1.9072E-04  9.9980E-01
  3.5200E+01  2.0300E+02  7.8749E-06  1.9072E-04  9.9980E-01
  5.0300E+01  2.0300E+02  7.8749E-06  1.9072E-04  9.9980E-01
  1.0100E+02  2.0300E+02  7.8749E-06  1.9072E-04  9.9980E-01
  1.5100E+02  2.0300E+02  7.8749E-06  1.9072E-04  9.9980E-01
  2.0100E+02  2.0300E+02  7.8749E-06  1.9072E-04  9.9980E-01
  2.5100E+02  2.0300E+02  7.8749E-06  1.9072E-04  9.9980E-01
  3.5200E+02  2.0300E+02  7.8749E-06  1.9072E-04  9.9980E-01
  5.0300E+02  2.0300E+02  7.8749E-06  1.9072E-04  9.9980E-01
  1.0100E+03  2.0300E+02  7.8749E-06  1.9072E-04  9.9980E-01
  1.5100E+03  2.0300E+02  7.8749E-06  1.9072E-04  9.9980E-01
  2.0100E+03  2.0300E+02  7.8749E-06  1.9072E-04  9.9980E-01
  2.5100E+03  2.0300E+02  7.8749E-06  1.9072E-04  9.9980E-01
  3.5200E+03  2.0300E+02  7.8749E-06  1.9072E-04  9.9980E-01
  5.0300E+03  2.0300E+02  7.8749E-06  1.9072E-04  9.9980E-01
  7.5300E+03  2.0300E+02  7.8749E-06  1.9072E-04  9.9980E-01
  7.5400E+03  2.0311E+02  7.9123E-06  1.9072E-04  9.9980E-01
  1.0100E+04  2.2071E+02  7.1426E-05  1.9072E-04  9.9974E-01
  1.1000E+04  2.2600E+02  1.6829E-04  1.9072E-04  9.9964E-01
  1.2600E+04  2.3443E+02  3.4733E-04  1.9072E-04  9.9946E-01
  1.5100E+04  2.4479E+02  9.1183E-04  1.9072E-04  9.9890E-01
  1.7600E+04  2.5254E+02  1.6110E-03  1.9072E-04  9.9820E-01
  2.0100E+04  2.5849E+02  2.4000E-03  1.9072E-04  9.9741E-01
  2.2600E+04  2.6324E+02  3.1890E-03  1.9072E-04  9.9662E-01
  2.5000E+04  2.6700E+02  3.9444E-03  1.9072E-04  9.9586E-01
  2.5100E+04  2.6717E+02  3.9824E-03  1.9072E-04  9.9583E-01
  2.7600E+04  2.7050E+02  5.0534E-03  1.9072E-04  9.9476E-01
  3.0200E+04  2.7340E+02  6.3212E-03  1.9072E-04  9.9349E-01
  3.2700E+04  2.7598E+02  7.2894E-03  1.9072E-04  9.9252E-01
  3.5200E+04  2.7831E+02  8.2840E-03  1.9072E-04  9.9153E-01
  3.6400E+04  2.7940E+02  8.8629E-03  1.9072E-04  9.9095E-01
  3.7200E+04  2.8000E+02  9.1972E-03  1.9072E-04  9.9061E-01
  3.7700E+04  2.8044E+02  9.4364E-03  1.9072E-04  9.9037E-01
  3.9000E+04  2.8144E+02  9.9588E-03  1.9072E-04  9.8985E-01
  4.0200E+04  2.8240E+02  1.0484E-02  1.9072E-04  9.8933E-01
  4.1500E+04  2.8333E+02  1.1192E-02  1.9072E-04  9.8862E-01
  4.2700E+04  2.8422E+02  1.2282E-02  1.9072E-04  9.8753E-01
  4.4000E+04  2.8508E+02  1.3782E-02  1.9072E-04  9.8603E-01
  4.5200E+04  2.8592E+02  1.5472E-02  1.9072E-04  9.8434E-01
  4.6500E+04  2.8672E+02  1.7049E-02  1.9072E-04  9.8276E-01
  4.7700E+04  2.8750E+02  1.8288E-02  1.9072E-04  9.8152E-01
  4.9000E+04  2.8826E+02  1.8684E-02  1.9072E-04  9.8113E-01
  5.0300E+04  2.8900E+02  1.8942E-02  1.9072E-04  9.8087E-01
