./cloud_1_1_1/CO2_0.6/inputs/GAM.atm
Created with write_smart_atm.m on 22-Jan-2014

      46 levels
       3 absorbing gases
   31.15 average molecular mass
    mass mixing ratios

     p(Pa)        T(K)        1(H2O)      2(CO2)      22(N2)
  1.3800E+01  2.0300E+02  2.4094E-06  2.7570E-01  7.2429E-01
  4.1500E+01  2.0300E+02  2.4094E-06  2.7570E-01  7.2429E-01
  5.5400E+01  2.0300E+02  2.4094E-06  2.7570E-01  7.2429E-01
  6.9200E+01  2.0300E+02  2.4094E-06  2.7570E-01  7.2429E-01
  9.6900E+01  2.0300E+02  2.4094E-06  2.7570E-01  7.2429E-01
  1.3800E+02  2.0300E+02  2.4094E-06  2.7570E-01  7.2429E-01
  2.7700E+02  2.0300E+02  2.4094E-06  2.7570E-01  7.2429E-01
  4.1500E+02  2.0300E+02  2.4094E-06  2.7570E-01  7.2429E-01
  5.5400E+02  2.0300E+02  2.4094E-06  2.7570E-01  7.2429E-01
  6.9200E+02  2.0300E+02  2.4094E-06  2.7570E-01  7.2429E-01
  9.6900E+02  2.0300E+02  2.4094E-06  2.7570E-01  7.2429E-01
  1.3800E+03  2.0300E+02  2.4094E-06  2.7570E-01  7.2429E-01
  2.7700E+03  2.0300E+02  2.4094E-06  2.7570E-01  7.2429E-01
  4.1500E+03  2.0300E+02  2.4094E-06  2.7570E-01  7.2429E-01
  5.5400E+03  2.0300E+02  2.4094E-06  2.7570E-01  7.2429E-01
  6.9200E+03  2.0300E+02  2.4094E-06  2.7570E-01  7.2429E-01
  9.6900E+03  2.0300E+02  2.4094E-06  2.7570E-01  7.2429E-01
  1.3800E+04  2.0300E+02  2.4094E-06  2.7570E-01  7.2429E-01
  2.0800E+04  2.0300E+02  2.4094E-06  2.7570E-01  7.2429E-01
  2.7700E+04  2.0300E+02  2.4094E-06  2.7570E-01  7.2429E-01
  2.8500E+04  2.0300E+02  2.4094E-06  2.7570E-01  7.2429E-01
  3.4600E+04  2.1382E+02  9.0528E-06  2.7570E-01  7.2429E-01
  4.1500E+04  2.2432E+02  3.0038E-05  2.7570E-01  7.2427E-01
  4.2800E+04  2.2600E+02  3.8091E-05  2.7570E-01  7.2426E-01
  4.8400E+04  2.3347E+02  7.1747E-05  2.7570E-01  7.2423E-01
  5.5400E+04  2.4151E+02  1.4615E-04  2.7570E-01  7.2415E-01
  6.2300E+04  2.4856E+02  2.5976E-04  2.7570E-01  7.2404E-01
  6.9200E+04  2.5475E+02  4.1861E-04  2.7570E-01  7.2388E-01
  7.6100E+04  2.6016E+02  6.5960E-04  2.7570E-01  7.2364E-01
  8.3000E+04  2.6491E+02  9.9065E-04  2.7570E-01  7.2331E-01
  8.6500E+04  2.6700E+02  1.1763E-03  2.7570E-01  7.2312E-01
  9.0000E+04  2.6910E+02  1.3607E-03  2.7570E-01  7.2294E-01
  9.6900E+04  2.7281E+02  1.7888E-03  2.7570E-01  7.2251E-01
  1.0000E+05  2.7451E+02  2.0143E-03  2.7570E-01  7.2228E-01
  1.0400E+05  2.7613E+02  2.2391E-03  2.7570E-01  7.2206E-01
  1.0700E+05  2.7768E+02  2.4613E-03  2.7570E-01  7.2184E-01
  1.1100E+05  2.7915E+02  2.6882E-03  2.7570E-01  7.2161E-01
  1.1300E+05  2.8000E+02  2.8482E-03  2.7570E-01  7.2145E-01
  1.1400E+05  2.8056E+02  2.9723E-03  2.7570E-01  7.2133E-01
  1.1800E+05  2.8191E+02  3.3682E-03  2.7570E-01  7.2093E-01
  1.2100E+05  2.8321E+02  3.8933E-03  2.7570E-01  7.2040E-01
  1.2500E+05  2.8446E+02  4.4948E-03  2.7570E-01  7.1980E-01
  1.2800E+05  2.8566E+02  5.0834E-03  2.7570E-01  7.1921E-01
  1.3100E+05  2.8681E+02  5.5878E-03  2.7570E-01  7.1871E-01
  1.3500E+05  2.8792E+02  5.8422E-03  2.7570E-01  7.1846E-01
  1.3800E+05  2.8900E+02  6.0513E-03  2.7570E-01  7.1825E-01
