./cloud_1_1_1/CO2_3.2/inputs/GAM.atm
Created with write_smart_atm.m on 23-Jan-2014

      46 levels
       3 absorbing gases
   28.07 average molecular mass
    mass mixing ratios

     p(Pa)        T(K)        1(H2O)      2(CO2)      22(N2)
  5.0345E+00  2.0300E+02  7.8332E-06  1.9039E-03  9.9809E-01
  1.5100E+01  2.0300E+02  7.8332E-06  1.9039E-03  9.9809E-01
  2.0100E+01  2.0300E+02  7.8332E-06  1.9039E-03  9.9809E-01
  2.5200E+01  2.0300E+02  7.8332E-06  1.9039E-03  9.9809E-01
  3.5200E+01  2.0300E+02  7.8332E-06  1.9039E-03  9.9809E-01
  5.0300E+01  2.0300E+02  7.8332E-06  1.9039E-03  9.9809E-01
  1.0100E+02  2.0300E+02  7.8332E-06  1.9039E-03  9.9809E-01
  1.5100E+02  2.0300E+02  7.8332E-06  1.9039E-03  9.9809E-01
  2.0100E+02  2.0300E+02  7.8332E-06  1.9039E-03  9.9809E-01
  2.5200E+02  2.0300E+02  7.8332E-06  1.9039E-03  9.9809E-01
  3.5200E+02  2.0300E+02  7.8332E-06  1.9039E-03  9.9809E-01
  5.0300E+02  2.0300E+02  7.8332E-06  1.9039E-03  9.9809E-01
  1.0100E+03  2.0300E+02  7.8332E-06  1.9039E-03  9.9809E-01
  1.5100E+03  2.0300E+02  7.8332E-06  1.9039E-03  9.9809E-01
  2.0100E+03  2.0300E+02  7.8332E-06  1.9039E-03  9.9809E-01
  2.5200E+03  2.0300E+02  7.8332E-06  1.9039E-03  9.9809E-01
  3.5200E+03  2.0300E+02  7.8332E-06  1.9039E-03  9.9809E-01
  5.0300E+03  2.0300E+02  7.8332E-06  1.9039E-03  9.9809E-01
  7.5400E+03  2.0300E+02  7.8332E-06  1.9039E-03  9.9809E-01
  7.5500E+03  2.0308E+02  7.8610E-06  1.9039E-03  9.9809E-01
  1.0100E+04  2.2067E+02  7.0906E-05  1.9039E-03  9.9803E-01
  1.1000E+04  2.2600E+02  1.6788E-04  1.9039E-03  9.9793E-01
  1.2600E+04  2.3439E+02  3.4486E-04  1.9039E-03  9.9775E-01
  1.5100E+04  2.4475E+02  9.0610E-04  1.9039E-03  9.9719E-01
  1.7600E+04  2.5250E+02  1.6023E-03  1.9039E-03  9.9649E-01
  2.0100E+04  2.5846E+02  2.3887E-03  1.9039E-03  9.9571E-01
  2.2700E+04  2.6322E+02  3.1757E-03  1.9039E-03  9.9492E-01
  2.5100E+04  2.6700E+02  3.9331E-03  1.9039E-03  9.9416E-01
  2.5200E+04  2.6715E+02  3.9673E-03  1.9039E-03  9.9413E-01
  2.7700E+04  2.7049E+02  5.0357E-03  1.9039E-03  9.9306E-01
  3.0200E+04  2.7339E+02  6.3012E-03  1.9039E-03  9.9179E-01
  3.2700E+04  2.7597E+02  7.2676E-03  1.9039E-03  9.9083E-01
  3.5200E+04  2.7830E+02  8.2602E-03  1.9039E-03  9.8984E-01
  3.6500E+04  2.7939E+02  8.8379E-03  1.9039E-03  9.8926E-01
  3.7200E+04  2.8000E+02  9.1747E-03  1.9039E-03  9.8892E-01
  3.7800E+04  2.8044E+02  9.4104E-03  1.9039E-03  9.8869E-01
  3.9000E+04  2.8144E+02  9.9318E-03  1.9039E-03  9.8816E-01
  4.0300E+04  2.8240E+02  1.0456E-02  1.9039E-03  9.8764E-01
  4.1500E+04  2.8332E+02  1.1163E-02  1.9039E-03  9.8693E-01
  4.2800E+04  2.8422E+02  1.2251E-02  1.9039E-03  9.8585E-01
  4.4100E+04  2.8508E+02  1.3747E-02  1.9039E-03  9.8435E-01
  4.5300E+04  2.8591E+02  1.5433E-02  1.9039E-03  9.8266E-01
  4.6600E+04  2.8672E+02  1.7007E-02  1.9039E-03  9.8109E-01
  4.7800E+04  2.8750E+02  1.8243E-02  1.9039E-03  9.7985E-01
  4.9100E+04  2.8826E+02  1.8639E-02  1.9039E-03  9.7946E-01
  5.0300E+04  2.8900E+02  1.8896E-02  1.9039E-03  9.7920E-01
