./cloud_1_1_1/CO2_2.6/inputs/GAM.atm
Created with write_smart_atm.m on 23-Jan-2014

      45 levels
       3 absorbing gases
   28.13 average molecular mass
    mass mixing ratios

     p(Pa)        T(K)        1(H2O)      2(CO2)      22(N2)
  5.0630E+00  2.0300E+02  7.7219E-06  7.5369E-03  9.9246E-01
  1.5200E+01  2.0300E+02  7.7219E-06  7.5369E-03  9.9246E-01
  2.0300E+01  2.0300E+02  7.7219E-06  7.5369E-03  9.9246E-01
  2.5300E+01  2.0300E+02  7.7219E-06  7.5369E-03  9.9246E-01
  3.5400E+01  2.0300E+02  7.7219E-06  7.5369E-03  9.9246E-01
  5.0600E+01  2.0300E+02  7.7219E-06  7.5369E-03  9.9246E-01
  1.0100E+02  2.0300E+02  7.7219E-06  7.5369E-03  9.9246E-01
  1.5200E+02  2.0300E+02  7.7219E-06  7.5369E-03  9.9246E-01
  2.0300E+02  2.0300E+02  7.7219E-06  7.5369E-03  9.9246E-01
  2.5300E+02  2.0300E+02  7.7219E-06  7.5369E-03  9.9246E-01
  3.5400E+02  2.0300E+02  7.7219E-06  7.5369E-03  9.9246E-01
  5.0600E+02  2.0300E+02  7.7219E-06  7.5369E-03  9.9246E-01
  1.0100E+03  2.0300E+02  7.7219E-06  7.5369E-03  9.9246E-01
  1.5200E+03  2.0300E+02  7.7219E-06  7.5369E-03  9.9246E-01
  2.0300E+03  2.0300E+02  7.7219E-06  7.5369E-03  9.9246E-01
  2.5300E+03  2.0300E+02  7.7219E-06  7.5369E-03  9.9246E-01
  3.5400E+03  2.0300E+02  7.7219E-06  7.5369E-03  9.9246E-01
  5.0600E+03  2.0300E+02  7.7219E-06  7.5369E-03  9.9246E-01
  7.5900E+03  2.0300E+02  7.7219E-06  7.5369E-03  9.9246E-01
  7.6000E+03  2.0300E+02  7.7219E-06  7.5369E-03  9.9246E-01
  1.0100E+04  2.2054E+02  6.9223E-05  7.5369E-03  9.9239E-01
  1.1100E+04  2.2600E+02  1.6652E-04  7.5369E-03  9.9230E-01
  1.2700E+04  2.3425E+02  3.3687E-04  7.5369E-03  9.9213E-01
  1.5200E+04  2.4462E+02  8.8747E-04  7.5369E-03  9.9158E-01
  1.7700E+04  2.5240E+02  1.5739E-03  7.5369E-03  9.9089E-01
  2.0300E+04  2.5838E+02  2.3519E-03  7.5369E-03  9.9011E-01
  2.2800E+04  2.6315E+02  3.1321E-03  7.5369E-03  9.8933E-01
  2.5300E+04  2.6710E+02  3.9179E-03  7.5369E-03  9.8855E-01
  2.7800E+04  2.7045E+02  4.9779E-03  7.5369E-03  9.8749E-01
  3.0400E+04  2.7336E+02  6.2355E-03  7.5369E-03  9.8623E-01
  3.2900E+04  2.7594E+02  7.1963E-03  7.5369E-03  9.8527E-01
  3.5400E+04  2.7828E+02  8.1820E-03  7.5369E-03  9.8428E-01
  3.6700E+04  2.7937E+02  8.7560E-03  7.5369E-03  9.8371E-01
  3.7500E+04  2.8000E+02  9.1009E-03  7.5369E-03  9.8336E-01
  3.8000E+04  2.8042E+02  9.3248E-03  7.5369E-03  9.8314E-01
  3.9200E+04  2.8142E+02  9.8431E-03  7.5369E-03  9.8262E-01
  4.0500E+04  2.8239E+02  1.0364E-02  7.5369E-03  9.8210E-01
  4.1800E+04  2.8331E+02  1.1067E-02  7.5369E-03  9.8140E-01
  4.3000E+04  2.8421E+02  1.2146E-02  7.5369E-03  9.8032E-01
  4.4300E+04  2.8507E+02  1.3632E-02  7.5369E-03  9.7883E-01
  4.5600E+04  2.8591E+02  1.5306E-02  7.5369E-03  9.7716E-01
  4.6800E+04  2.8672E+02  1.6868E-02  7.5369E-03  9.7559E-01
  4.8100E+04  2.8750E+02  1.8096E-02  7.5369E-03  9.7437E-01
  4.9400E+04  2.8826E+02  1.8490E-02  7.5369E-03  9.7397E-01
  5.0600E+04  2.8900E+02  1.8747E-02  7.5369E-03  9.7372E-01
