./cloud_1_1_1/CO2_4/inputs/GAM.atm
Created with write_smart_atm.m on 23-Jan-2014

      46 levels
       3 absorbing gases
   28.06 average molecular mass
    mass mixing ratios

     p(Pa)        T(K)        1(H2O)      2(CO2)      22(N2)
  5.0264E+00  2.0300E+02  7.8722E-06  3.0224E-04  9.9969E-01
  1.5100E+01  2.0300E+02  7.8722E-06  3.0224E-04  9.9969E-01
  2.0100E+01  2.0300E+02  7.8722E-06  3.0224E-04  9.9969E-01
  2.5100E+01  2.0300E+02  7.8722E-06  3.0224E-04  9.9969E-01
  3.5200E+01  2.0300E+02  7.8722E-06  3.0224E-04  9.9969E-01
  5.0300E+01  2.0300E+02  7.8722E-06  3.0224E-04  9.9969E-01
  1.0100E+02  2.0300E+02  7.8722E-06  3.0224E-04  9.9969E-01
  1.5100E+02  2.0300E+02  7.8722E-06  3.0224E-04  9.9969E-01
  2.0100E+02  2.0300E+02  7.8722E-06  3.0224E-04  9.9969E-01
  2.5100E+02  2.0300E+02  7.8722E-06  3.0224E-04  9.9969E-01
  3.5200E+02  2.0300E+02  7.8722E-06  3.0224E-04  9.9969E-01
  5.0300E+02  2.0300E+02  7.8722E-06  3.0224E-04  9.9969E-01
  1.0100E+03  2.0300E+02  7.8722E-06  3.0224E-04  9.9969E-01
  1.5100E+03  2.0300E+02  7.8722E-06  3.0224E-04  9.9969E-01
  2.0100E+03  2.0300E+02  7.8722E-06  3.0224E-04  9.9969E-01
  2.5100E+03  2.0300E+02  7.8722E-06  3.0224E-04  9.9969E-01
  3.5200E+03  2.0300E+02  7.8722E-06  3.0224E-04  9.9969E-01
  5.0300E+03  2.0300E+02  7.8722E-06  3.0224E-04  9.9969E-01
  7.5300E+03  2.0300E+02  7.8722E-06  3.0224E-04  9.9969E-01
  7.5400E+03  2.0311E+02  7.9089E-06  3.0224E-04  9.9969E-01
  1.0100E+04  2.2071E+02  7.1392E-05  3.0224E-04  9.9963E-01
  1.1000E+04  2.2600E+02  1.6826E-04  3.0224E-04  9.9953E-01
  1.2600E+04  2.3443E+02  3.4716E-04  3.0224E-04  9.9935E-01
  1.5100E+04  2.4478E+02  9.1146E-04  3.0224E-04  9.9879E-01
  1.7600E+04  2.5253E+02  1.6104E-03  3.0224E-04  9.9809E-01
  2.0100E+04  2.5849E+02  2.3993E-03  3.0224E-04  9.9730E-01
  2.2600E+04  2.6324E+02  3.1881E-03  3.0224E-04  9.9651E-01
  2.5000E+04  2.6700E+02  3.9437E-03  3.0224E-04  9.9575E-01
  2.5100E+04  2.6717E+02  3.9814E-03  3.0224E-04  9.9572E-01
  2.7600E+04  2.7050E+02  5.0522E-03  3.0224E-04  9.9465E-01
  3.0200E+04  2.7340E+02  6.3199E-03  3.0224E-04  9.9338E-01
  3.2700E+04  2.7598E+02  7.2880E-03  3.0224E-04  9.9241E-01
  3.5200E+04  2.7831E+02  8.2825E-03  3.0224E-04  9.9142E-01
  3.6400E+04  2.7940E+02  8.8612E-03  3.0224E-04  9.9084E-01
  3.7200E+04  2.8000E+02  9.1957E-03  3.0224E-04  9.9050E-01
  3.7700E+04  2.8044E+02  9.4348E-03  3.0224E-04  9.9026E-01
  3.9000E+04  2.8144E+02  9.9570E-03  3.0224E-04  9.8974E-01
  4.0200E+04  2.8240E+02  1.0482E-02  3.0224E-04  9.8922E-01
  4.1500E+04  2.8333E+02  1.1191E-02  3.0224E-04  9.8851E-01
  4.2700E+04  2.8422E+02  1.2280E-02  3.0224E-04  9.8742E-01
  4.4000E+04  2.8508E+02  1.3780E-02  3.0224E-04  9.8592E-01
  4.5200E+04  2.8592E+02  1.5470E-02  3.0224E-04  9.8423E-01
  4.6500E+04  2.8672E+02  1.7047E-02  3.0224E-04  9.8265E-01
  4.7800E+04  2.8750E+02  1.8285E-02  3.0224E-04  9.8141E-01
  4.9000E+04  2.8826E+02  1.8681E-02  3.0224E-04  9.8102E-01
  5.0300E+04  2.8900E+02  1.8939E-02  3.0224E-04  9.8076E-01
