./cloud_1_1_1/CO2_0/inputs/GAM.atm
Created with write_smart_atm.m on 21-Jan-2014

      46 levels
       3 absorbing gases
   35.88 average molecular mass
    mass mixing ratios

     p(Pa)        T(K)        1(H2O)      2(CO2)      22(N2)
  2.5200E+01  2.0300E+02  1.1859E-06  6.0245E-01  3.9755E-01
  7.5600E+01  2.0300E+02  1.1859E-06  6.0245E-01  3.9755E-01
  1.0100E+02  2.0300E+02  1.1859E-06  6.0245E-01  3.9755E-01
  1.2600E+02  2.0300E+02  1.1859E-06  6.0245E-01  3.9755E-01
  1.7700E+02  2.0300E+02  1.1859E-06  6.0245E-01  3.9755E-01
  2.5200E+02  2.0300E+02  1.1859E-06  6.0245E-01  3.9755E-01
  5.0400E+02  2.0300E+02  1.1859E-06  6.0245E-01  3.9755E-01
  7.5600E+02  2.0300E+02  1.1859E-06  6.0245E-01  3.9755E-01
  1.0100E+03  2.0300E+02  1.1859E-06  6.0245E-01  3.9755E-01
  1.2600E+03  2.0300E+02  1.1859E-06  6.0245E-01  3.9755E-01
  1.7700E+03  2.0300E+02  1.1859E-06  6.0245E-01  3.9755E-01
  2.5200E+03  2.0300E+02  1.1859E-06  6.0245E-01  3.9755E-01
  5.0400E+03  2.0300E+02  1.1859E-06  6.0245E-01  3.9755E-01
  7.5600E+03  2.0300E+02  1.1859E-06  6.0245E-01  3.9755E-01
  1.0100E+04  2.0300E+02  1.1859E-06  6.0245E-01  3.9755E-01
  1.2600E+04  2.0300E+02  1.1859E-06  6.0245E-01  3.9755E-01
  1.7700E+04  2.0300E+02  1.1859E-06  6.0245E-01  3.9755E-01
  2.5200E+04  2.0300E+02  1.1859E-06  6.0245E-01  3.9755E-01
  3.7800E+04  2.0300E+02  1.1859E-06  6.0245E-01  3.9755E-01
  4.7700E+04  2.0300E+02  1.1859E-06  6.0245E-01  3.9755E-01
  5.0400E+04  2.0587E+02  1.4963E-06  6.0245E-01  3.9755E-01
  6.3000E+04  2.1671E+02  6.3338E-06  6.0245E-01  3.9755E-01
  7.5600E+04  2.2596E+02  1.7463E-05  6.0245E-01  3.9754E-01
  7.5700E+04  2.2600E+02  1.7565E-05  6.0245E-01  3.9754E-01
  8.8300E+04  2.3403E+02  3.6400E-05  6.0245E-01  3.9752E-01
  1.0100E+05  2.4118E+02  6.7272E-05  6.0245E-01  3.9749E-01
  1.1300E+05  2.4758E+02  1.1208E-04  6.0245E-01  3.9744E-01
  1.2600E+05  2.5332E+02  1.7398E-04  6.0245E-01  3.9738E-01
  1.3900E+05  2.5851E+02  2.6979E-04  6.0245E-01  3.9728E-01
  1.5100E+05  2.6320E+02  4.0511E-04  6.0245E-01  3.9715E-01
  1.6300E+05  2.6700E+02  5.4537E-04  6.0245E-01  3.9701E-01
  1.6400E+05  2.6746E+02  5.6226E-04  6.0245E-01  3.9699E-01
  1.7700E+05  2.7133E+02  7.5177E-04  6.0245E-01  3.9680E-01
  1.8300E+05  2.7314E+02  8.6577E-04  6.0245E-01  3.9669E-01
  1.8900E+05  2.7487E+02  9.7208E-04  6.0245E-01  3.9658E-01
  1.9500E+05  2.7653E+02  1.0778E-03  6.0245E-01  3.9648E-01
  2.0200E+05  2.7813E+02  1.1881E-03  6.0245E-01  3.9636E-01
  2.0800E+05  2.7966E+02  1.3259E-03  6.0245E-01  3.9623E-01
  2.0900E+05  2.8000E+02  1.3636E-03  6.0245E-01  3.9619E-01
  2.1400E+05  2.8114E+02  1.5156E-03  6.0245E-01  3.9604E-01
  2.2100E+05  2.8257E+02  1.7690E-03  6.0245E-01  3.9578E-01
  2.2700E+05  2.8394E+02  2.0595E-03  6.0245E-01  3.9549E-01
  2.3300E+05  2.8527E+02  2.3489E-03  6.0245E-01  3.9520E-01
  2.4000E+05  2.8656E+02  2.6046E-03  6.0245E-01  3.9495E-01
  2.4600E+05  2.8780E+02  2.7459E-03  6.0245E-01  3.9481E-01
  2.5200E+05  2.8900E+02  2.8666E-03  6.0245E-01  3.9469E-01
