./cloud_1_1_1/CO2_2/inputs/GAM.atm
Created with write_smart_atm.m on 23-Jan-2014

      46 levels
       3 absorbing gases
   28.10 average molecular mass
    mass mixing ratios

     p(Pa)        T(K)        1(H2O)      2(CO2)      22(N2)
  2.0200E+01  2.0300E+02  1.6250E-06  7.5292E-03  9.9247E-01
  6.0500E+01  2.0300E+02  1.6250E-06  7.5292E-03  9.9247E-01
  8.0700E+01  2.0300E+02  1.6250E-06  7.5292E-03  9.9247E-01
  1.0100E+02  2.0300E+02  1.6250E-06  7.5292E-03  9.9247E-01
  1.4100E+02  2.0300E+02  1.6250E-06  7.5292E-03  9.9247E-01
  2.0200E+02  2.0300E+02  1.6250E-06  7.5292E-03  9.9247E-01
  4.0400E+02  2.0300E+02  1.6250E-06  7.5292E-03  9.9247E-01
  6.0500E+02  2.0300E+02  1.6250E-06  7.5292E-03  9.9247E-01
  8.0700E+02  2.0300E+02  1.6250E-06  7.5292E-03  9.9247E-01
  1.0100E+03  2.0300E+02  1.6250E-06  7.5292E-03  9.9247E-01
  1.4100E+03  2.0300E+02  1.6250E-06  7.5292E-03  9.9247E-01
  2.0200E+03  2.0300E+02  1.6250E-06  7.5292E-03  9.9247E-01
  4.0400E+03  2.0300E+02  1.6250E-06  7.5292E-03  9.9247E-01
  6.0500E+03  2.0300E+02  1.6250E-06  7.5292E-03  9.9247E-01
  8.0700E+03  2.0300E+02  1.6250E-06  7.5292E-03  9.9247E-01
  1.0100E+04  2.0300E+02  1.6250E-06  7.5292E-03  9.9247E-01
  1.4100E+04  2.0300E+02  1.6250E-06  7.5292E-03  9.9247E-01
  2.0200E+04  2.0300E+02  1.6250E-06  7.5292E-03  9.9247E-01
  3.0300E+04  2.0300E+02  1.6250E-06  7.5292E-03  9.9247E-01
  4.0400E+04  2.0300E+02  1.6250E-06  7.5292E-03  9.9247E-01
  5.0400E+04  2.0300E+02  1.6250E-06  7.5292E-03  9.9247E-01
  5.1200E+04  2.0300E+02  1.6250E-06  7.5292E-03  9.9247E-01
  6.0500E+04  2.1333E+02  5.5635E-06  7.5292E-03  9.9247E-01
  7.0600E+04  2.2317E+02  1.6163E-05  7.5292E-03  9.9245E-01
  7.3900E+04  2.2600E+02  2.3608E-05  7.5292E-03  9.9245E-01
  8.0700E+04  2.3199E+02  3.9075E-05  7.5292E-03  9.9243E-01
  9.0800E+04  2.3994E+02  8.1144E-05  7.5292E-03  9.9239E-01
  1.0100E+05  2.4712E+02  1.5091E-04  7.5292E-03  9.9232E-01
  1.1100E+05  2.5358E+02  2.7099E-04  7.5292E-03  9.9220E-01
  1.2100E+05  2.5936E+02  4.5747E-04  7.5292E-03  9.9201E-01
  1.3100E+05  2.6454E+02  6.9597E-04  7.5292E-03  9.9177E-01
  1.3700E+05  2.6700E+02  8.5227E-04  7.5292E-03  9.9162E-01
  1.4100E+05  2.6915E+02  9.9884E-04  7.5292E-03  9.9147E-01
  1.4600E+05  2.7128E+02  1.1839E-03  7.5292E-03  9.9129E-01
  1.5100E+05  2.7328E+02  1.3839E-03  7.5292E-03  9.9109E-01
  1.5600E+05  2.7519E+02  1.5638E-03  7.5292E-03  9.9091E-01
  1.6100E+05  2.7701E+02  1.7542E-03  7.5292E-03  9.9072E-01
  1.6600E+05  2.7874E+02  1.9866E-03  7.5292E-03  9.9048E-01
  1.7000E+05  2.8000E+02  2.2169E-03  7.5292E-03  9.9025E-01
  1.7200E+05  2.8040E+02  2.3017E-03  7.5292E-03  9.9017E-01
  1.7700E+05  2.8198E+02  2.7160E-03  7.5292E-03  9.8975E-01
  1.8200E+05  2.8350E+02  3.1953E-03  7.5292E-03  9.8928E-01
  1.8700E+05  2.8496E+02  3.6771E-03  7.5292E-03  9.8879E-01
  1.9200E+05  2.8636E+02  4.1089E-03  7.5292E-03  9.8836E-01
  1.9700E+05  2.8770E+02  4.3628E-03  7.5292E-03  9.8811E-01
  2.0200E+05  2.8900E+02  4.5828E-03  7.5292E-03  9.8789E-01
