./cloud_1_1_1/CO2_1.2/inputs/GAM.atm
Created with write_smart_atm.m on 23-Jan-2014

      46 levels
       3 absorbing gases
   28.50 average molecular mass
    mass mixing ratios

     p(Pa)        T(K)        1(H2O)      2(CO2)      22(N2)
  2.1000E+01  2.0300E+02  1.4447E-06  4.5680E-02  9.5432E-01
  6.3000E+01  2.0300E+02  1.4447E-06  4.5680E-02  9.5432E-01
  8.3900E+01  2.0300E+02  1.4447E-06  4.5680E-02  9.5432E-01
  1.0500E+02  2.0300E+02  1.4447E-06  4.5680E-02  9.5432E-01
  1.4700E+02  2.0300E+02  1.4447E-06  4.5680E-02  9.5432E-01
  2.1000E+02  2.0300E+02  1.4447E-06  4.5680E-02  9.5432E-01
  4.2000E+02  2.0300E+02  1.4447E-06  4.5680E-02  9.5432E-01
  6.3000E+02  2.0300E+02  1.4447E-06  4.5680E-02  9.5432E-01
  8.3900E+02  2.0300E+02  1.4447E-06  4.5680E-02  9.5432E-01
  1.0500E+03  2.0300E+02  1.4447E-06  4.5680E-02  9.5432E-01
  1.4700E+03  2.0300E+02  1.4447E-06  4.5680E-02  9.5432E-01
  2.1000E+03  2.0300E+02  1.4447E-06  4.5680E-02  9.5432E-01
  4.2000E+03  2.0300E+02  1.4447E-06  4.5680E-02  9.5432E-01
  6.3000E+03  2.0300E+02  1.4447E-06  4.5680E-02  9.5432E-01
  8.3900E+03  2.0300E+02  1.4447E-06  4.5680E-02  9.5432E-01
  1.0500E+04  2.0300E+02  1.4447E-06  4.5680E-02  9.5432E-01
  1.4700E+04  2.0300E+02  1.4447E-06  4.5680E-02  9.5432E-01
  2.1000E+04  2.0300E+02  1.4447E-06  4.5680E-02  9.5432E-01
  3.1500E+04  2.0300E+02  1.4447E-06  4.5680E-02  9.5432E-01
  4.2000E+04  2.0300E+02  1.4447E-06  4.5680E-02  9.5432E-01
  5.2500E+04  2.0300E+02  1.4447E-06  4.5680E-02  9.5432E-01
  5.2600E+04  2.0300E+02  1.4447E-06  4.5680E-02  9.5432E-01
  6.3000E+04  2.1381E+02  5.6332E-06  4.5680E-02  9.5431E-01
  7.3400E+04  2.2354E+02  1.6041E-05  4.5680E-02  9.5430E-01
  7.6400E+04  2.2600E+02  2.2376E-05  4.5680E-02  9.5430E-01
  8.3900E+04  2.3225E+02  3.8175E-05  4.5680E-02  9.5428E-01
  9.4400E+04  2.4011E+02  7.8313E-05  4.5680E-02  9.5424E-01
  1.0500E+05  2.4720E+02  1.4431E-04  4.5680E-02  9.5418E-01
  1.1500E+05  2.5360E+02  2.5747E-04  4.5680E-02  9.5406E-01
  1.2600E+05  2.5934E+02  4.3286E-04  4.5680E-02  9.5389E-01
  1.3600E+05  2.6449E+02  6.5704E-04  4.5680E-02  9.5366E-01
  1.4200E+05  2.6700E+02  8.0756E-04  4.5680E-02  9.5351E-01
  1.4700E+05  2.6909E+02  9.4216E-04  4.5680E-02  9.5338E-01
  1.5200E+05  2.7121E+02  1.1167E-03  4.5680E-02  9.5320E-01
  1.5700E+05  2.7322E+02  1.3061E-03  4.5680E-02  9.5301E-01
  1.6300E+05  2.7513E+02  1.4763E-03  4.5680E-02  9.5284E-01
  1.6800E+05  2.7695E+02  1.6568E-03  4.5680E-02  9.5266E-01
  1.7300E+05  2.7869E+02  1.8769E-03  4.5680E-02  9.5244E-01
  1.7700E+05  2.8000E+02  2.1037E-03  4.5680E-02  9.5222E-01
  1.7800E+05  2.8036E+02  2.1753E-03  4.5680E-02  9.5214E-01
  1.8400E+05  2.8195E+02  2.5683E-03  4.5680E-02  9.5175E-01
  1.8900E+05  2.8347E+02  3.0228E-03  4.5680E-02  9.5130E-01
  1.9400E+05  2.8494E+02  3.4804E-03  4.5680E-02  9.5084E-01
  1.9900E+05  2.8634E+02  3.8908E-03  4.5680E-02  9.5043E-01
  2.0500E+05  2.8770E+02  4.1334E-03  4.5680E-02  9.5019E-01
  2.1000E+05  2.8900E+02  4.3439E-03  4.5680E-02  9.4998E-01
